t = 0
Полученное решение:
1.10757e+08	1.10622e+08	1.10212e+08	1.09517e+08	1.08509e+08	1.07154e+08	1.05405e+08	1.03212e+08	1.00524e+08	9.72977e+07	9.3496e+07	8.90988e+07	8.41047e+07	7.85347e+07	7.24355e+07	6.58844e+07	5.89996e+07	5.19643e+07	4.50957e+07	3.90612e+07	3.57988e+07	
1.12912e+08	1.12814e+08	1.12518e+08	1.12008e+08	1.11249e+08	1.10191e+08	1.08763e+08	1.06887e+08	1.04483e+08	1.01474e+08	9.78012e+07	9.34264e+07	8.83417e+07	8.25726e+07	7.61807e+07	6.92665e+07	6.19762e+07	5.45235e+07	4.7258e+07	4.089e+07	3.74556e+07	
1.18702e+08	1.1873e+08	1.18821e+08	1.18965e+08	1.19123e+08	1.19213e+08	1.191e+08	1.18595e+08	1.17463e+08	1.15458e+08	1.12366e+08	1.0805e+08	1.02491e+08	9.57805e+07	8.81093e+07	7.97266e+07	7.0918e+07	6.20095e+07	5.34419e+07	4.60331e+07	4.20795e+07	
1.22357e+08	1.22486e+08	1.22892e+08	1.2359e+08	1.24567e+08	1.2576e+08	1.27015e+08	1.28049e+08	1.28436e+08	1.27667e+08	1.25266e+08	1.20946e+08	1.14691e+08	1.06763e+08	9.75933e+07	8.7662e+07	7.74099e+07	6.72428e+07	5.76351e+07	4.94439e+07	4.51159e+07	
1.26006e+08	1.26252e+08	1.27029e+08	1.284e+08	1.3043e+08	1.33158e+08	1.36531e+08	1.40243e+08	1.43576e+08	1.45362e+08	1.44357e+08	1.39788e+08	1.31792e+08	1.21249e+08	1.09314e+08	9.691e+07	8.46333e+07	7.28639e+07	6.20221e+07	5.2948e+07	4.82107e+07	
1.28197e+08	1.28519e+08	1.29542e+08	1.31373e+08	1.34157e+08	1.38069e+08	1.43271e+08	1.4976e+08	1.56631e+08	1.61902e+08	1.62708e+08	1.57515e+08	1.46721e+08	1.32749e+08	1.17773e+08	1.03168e+08	8.93074e+07	7.63899e+07	6.47153e+07	5.50686e+07	5.00722e+07	
1.30031e+08	1.30417e+08	1.31651e+08	1.33883e+08	1.37348e+08	1.42393e+08	1.49509e+08	1.59308e+08	1.72463e+08	1.84356e+08	1.89578e+08	1.81693e+08	1.64992e+08	1.44386e+08	1.25667e+08	1.08708e+08	9.33124e+07	7.93491e+07	6.69457e+07	5.68107e+07	5.15964e+07	
1.31389e+08	1.31819e+08	1.33195e+08	1.35703e+08	1.3965e+08	1.45529e+08	1.54146e+08	1.66918e+08	1.86176e+08	2.20541e+08	2.30758e+08	2.20841e+08	1.80853e+08	1.53674e+08	1.31502e+08	1.12664e+08	9.6119e+07	8.14037e+07	6.84884e+07	5.80143e+07	5.26494e+07	
1.32192e+08	1.32637e+08	1.34063e+08	1.3667e+08	1.40791e+08	1.46977e+08	1.56172e+08	1.70096e+08	1.92768e+08	2.30816e+08	3.91296e+08	2.31891e+08	1.88426e+08	1.57433e+08	1.33898e+08	1.14308e+08	9.73143e+07	8.23035e+07	6.91828e+07	5.85687e+07	5.31399e+07	
1.32413e+08	1.32843e+08	1.34218e+08	1.36725e+08	1.40669e+08	1.46543e+08	1.55152e+08	1.67914e+08	1.87156e+08	2.215e+08	2.31689e+08	2.21739e+08	1.8171e+08	1.54483e+08	1.32256e+08	1.13356e+08	9.67438e+07	8.19583e+07	6.89728e+07	5.84361e+07	5.30368e+07	
1.32083e+08	1.32469e+08	1.33701e+08	1.3593e+08	1.39391e+08	1.44427e+08	1.51529e+08	1.61306e+08	1.74431e+08	1.86284e+08	1.91452e+08	1.835e+08	1.66717e+08	1.46015e+08	1.27184e+08	1.10101e+08	9.45714e+07	8.04668e+07	6.79222e+07	5.76607e+07	5.23772e+07	
1.31282e+08	1.31604e+08	1.32626e+08	1.34454e+08	1.37232e+08	1.41134e+08	1.46318e+08	1.52779e+08	1.59607e+08	1.64819e+08	1.65547e+08	1.60254e+08	1.49338e+08	1.35221e+08	1.20078e+08	1.05285e+08	9.12202e+07	7.8088e+07	6.61989e+07	5.63602e+07	5.12586e+07	
1.3013e+08	1.30376e+08	1.31154e+08	1.32526e+08	1.34553e+08	1.37272e+08	1.40626e+08	1.44306e+08	1.47588e+08	1.493e+08	1.48194e+08	1.43494e+08	1.35337e+08	1.246e+08	1.12439e+08	9.97825e+07	8.72295e+07	7.5169e+07	6.40362e+07	5.47013e+07	4.98212e+07	
1.28055e+08	1.28187e+08	1.286e+08	1.29308e+08	1.30295e+08	1.31492e+08	1.32739e+08	1.33746e+08	1.3408e+08	1.33223e+08	1.30695e+08	1.26203e+08	1.19728e+08	1.11531e+08	1.02045e+08	9.17562e+07	8.11115e+07	7.05298e+07	6.05067e+07	5.19434e+07	4.74117e+07	
1.25988e+08	1.26024e+08	1.26136e+08	1.26313e+08	1.26509e+08	1.26635e+08	1.26545e+08	1.2604e+08	1.24871e+08	1.22782e+08	1.19548e+08	1.15026e+08	1.0919e+08	1.02134e+08	9.40486e+07	8.51914e+07	7.58592e+07	6.63959e+07	5.72723e+07	4.93655e+07	4.51395e+07	
1.23324e+08	1.23257e+08	1.23053e+08	1.2269e+08	1.22122e+08	1.21276e+08	1.20058e+08	1.1836e+08	1.16068e+08	1.13079e+08	1.09306e+08	1.04694e+08	9.92242e+07	9.29231e+07	8.58619e+07	7.81604e+07	6.99926e+07	6.16106e+07	5.34192e+07	4.62297e+07	4.23497e+07	
1.23124e+08	1.2305e+08	1.22825e+08	1.22428e+08	1.21813e+08	1.2091e+08	1.1963e+08	1.17869e+08	1.1552e+08	1.12486e+08	1.08685e+08	1.04065e+08	9.86093e+07	9.23418e+07	8.53307e+07	7.76907e+07	6.95899e+07	6.12743e+07	5.31432e+07	4.60021e+07	4.21459e+07	

t = 0.2
Полученное решение:
1.10757e+08	1.10622e+08	1.10212e+08	1.09517e+08	1.08509e+08	1.07154e+08	1.05405e+08	1.03212e+08	1.00524e+08	9.72976e+07	9.34959e+07	8.90987e+07	8.41046e+07	7.85346e+07	7.24354e+07	6.58844e+07	5.89996e+07	5.19643e+07	4.50957e+07	3.90612e+07	3.57988e+07	
1.12912e+08	1.12814e+08	1.12518e+08	1.12008e+08	1.11249e+08	1.10191e+08	1.08763e+08	1.06888e+08	1.04483e+08	1.01475e+08	9.78016e+07	9.34267e+07	8.8342e+07	8.25729e+07	7.61809e+07	6.92666e+07	6.19762e+07	5.45235e+07	4.7258e+07	4.089e+07	3.74556e+07	
1.18702e+08	1.1873e+08	1.18821e+08	1.18965e+08	1.19123e+08	1.19212e+08	1.19099e+08	1.18593e+08	1.17461e+08	1.15455e+08	1.12362e+08	1.08047e+08	1.02488e+08	9.57781e+07	8.81074e+07	7.97254e+07	7.09172e+07	6.20091e+07	5.34417e+07	4.6033e+07	4.20795e+07	
1.22357e+08	1.22486e+08	1.22892e+08	1.23589e+08	1.24565e+08	1.25755e+08	1.27006e+08	1.28033e+08	1.28413e+08	1.27638e+08	1.25235e+08	1.20914e+08	1.14665e+08	1.06743e+08	9.75803e+07	8.76546e+07	7.74065e+07	6.72414e+07	5.76345e+07	4.94436e+07	4.51158e+07	
1.26006e+08	1.26251e+08	1.27028e+08	1.28398e+08	1.30424e+08	1.33141e+08	1.36484e+08	1.40144e+08	1.43399e+08	1.45116e+08	1.44068e+08	1.39521e+08	1.31583e+08	1.21122e+08	1.09248e+08	9.68839e+07	8.46235e+07	7.28604e+07	6.20209e+07	5.29475e+07	4.82104e+07	
1.28197e+08	1.28519e+08	1.29541e+08	1.3137e+08	1.34147e+08	1.38037e+08	1.43173e+08	1.49459e+08	1.56057e+08	1.60949e+08	1.61642e+08	1.5648e+08	1.46044e+08	1.32363e+08	1.17637e+08	1.0312e+08	8.92911e+07	7.63844e+07	6.47134e+07	5.5068e+07	5.00718e+07	
1.30031e+08	1.30417e+08	1.3165e+08	1.33879e+08	1.37334e+08	1.42344e+08	1.49338e+08	1.58751e+08	1.7039e+08	1.81214e+08	1.84967e+08	1.78281e+08	1.62547e+08	1.43672e+08	1.25427e+08	1.08633e+08	9.32887e+07	7.93416e+07	6.69433e+07	5.68099e+07	5.15959e+07	
1.31388e+08	1.31818e+08	1.33193e+08	1.35698e+08	1.39633e+08	1.45466e+08	1.53917e+08	1.66027e+08	1.83145e+08	2.04418e+08	2.1638e+08	2.03324e+08	1.77277e+08	1.52531e+08	1.31182e+08	1.12567e+08	9.60897e+07	8.13946e+07	6.84855e+07	5.80134e+07	5.26489e+07	
1.32191e+08	1.32637e+08	1.34062e+08	1.36664e+08	1.40772e+08	1.46908e+08	1.55913e+08	1.69137e+08	1.88494e+08	2.1699e+08	2.44486e+08	2.16877e+08	1.8338e+08	1.56203e+08	1.33535e+08	1.14203e+08	9.72827e+07	8.22938e+07	6.91798e+07	5.85677e+07	5.31394e+07	
1.32413e+08	1.32843e+08	1.34217e+08	1.3672e+08	1.40651e+08	1.4648e+08	1.54923e+08	1.67023e+08	1.84125e+08	2.05377e+08	2.17311e+08	2.04222e+08	1.78134e+08	1.53339e+08	1.31935e+08	1.13259e+08	9.67144e+07	8.19492e+07	6.897e+07	5.84351e+07	5.30363e+07	
1.32083e+08	1.32469e+08	1.337e+08	1.35926e+08	1.39377e+08	1.44378e+08	1.51358e+08	1.6075e+08	1.72359e+08	1.83141e+08	1.86841e+08	1.80088e+08	1.64272e+08	1.45301e+08	1.26945e+08	1.10027e+08	9.45478e+07	8.04592e+07	6.79197e+07	5.76599e+07	5.23767e+07	
1.31282e+08	1.31603e+08	1.32625e+08	1.34451e+08	1.37223e+08	1.41103e+08	1.46221e+08	1.52477e+08	1.59033e+08	1.63866e+08	1.64481e+08	1.59219e+08	1.48661e+08	1.34834e+08	1.19941e+08	1.05237e+08	9.12038e+07	7.80825e+07	6.61971e+07	5.63596e+07	5.12583e+07	
1.3013e+08	1.30376e+08	1.31154e+08	1.32524e+08	1.34547e+08	1.37255e+08	1.40579e+08	1.44207e+08	1.47411e+08	1.49054e+08	1.47906e+08	1.43228e+08	1.35128e+08	1.24473e+08	1.12374e+08	9.97564e+07	8.72197e+07	7.51655e+07	6.40349e+07	5.47009e+07	4.9821e+07	
1.28055e+08	1.28186e+08	1.286e+08	1.29307e+08	1.30293e+08	1.31487e+08	1.3273e+08	1.3373e+08	1.34057e+08	1.33194e+08	1.30664e+08	1.26171e+08	1.19701e+08	1.1151e+08	1.02032e+08	9.17488e+07	8.11081e+07	7.05284e+07	6.05061e+07	5.19432e+07	4.74116e+07	
1.25988e+08	1.26024e+08	1.26136e+08	1.26313e+08	1.26509e+08	1.26634e+08	1.26544e+08	1.26038e+08	1.24869e+08	1.22779e+08	1.19544e+08	1.15023e+08	1.09187e+08	1.02131e+08	9.40467e+07	8.51902e+07	7.58584e+07	6.63956e+07	5.72721e+07	4.93654e+07	4.51395e+07	
1.23324e+08	1.23257e+08	1.23053e+08	1.2269e+08	1.22122e+08	1.21276e+08	1.20058e+08	1.1836e+08	1.16069e+08	1.13079e+08	1.09306e+08	1.04694e+08	9.92246e+07	9.29234e+07	8.58621e+07	7.81605e+07	6.99927e+07	6.16106e+07	5.34192e+07	4.62297e+07	4.23497e+07	
1.23124e+08	1.2305e+08	1.22825e+08	1.22428e+08	1.21813e+08	1.2091e+08	1.1963e+08	1.17869e+08	1.15521e+08	1.12486e+08	1.08686e+08	1.04066e+08	9.86095e+07	9.23419e+07	8.53308e+07	7.76908e+07	6.959e+07	6.12743e+07	5.31432e+07	4.60021e+07	4.21459e+07	

t = 0.4
1.10757e+08	1.10622e+08	1.10212e+08	1.09517e+08	1.08509e+08	1.07154e+08	1.05405e+08	1.03211e+08	1.00524e+08	9.72974e+07	9.34957e+07	8.90985e+07	8.41045e+07	7.85345e+07	7.24354e+07	6.58844e+07	5.89996e+07	5.19643e+07	4.50957e+07	3.90612e+07	3.57988e+07	
1.12912e+08	1.12814e+08	1.12518e+08	1.12008e+08	1.1125e+08	1.10191e+08	1.08763e+08	1.06888e+08	1.04484e+08	1.01476e+08	9.78026e+07	9.34277e+07	8.83429e+07	8.25735e+07	7.61814e+07	6.92669e+07	6.19763e+07	5.45236e+07	4.7258e+07	4.089e+07	3.74556e+07	
1.18702e+08	1.1873e+08	1.18821e+08	1.18965e+08	1.19122e+08	1.1921e+08	1.19095e+08	1.18587e+08	1.17453e+08	1.15446e+08	1.12352e+08	1.08037e+08	1.02479e+08	9.57708e+07	8.8102e+07	7.97218e+07	7.09151e+07	6.2008e+07	5.34412e+07	4.60327e+07	4.20793e+07	
1.22356e+08	1.22485e+08	1.22891e+08	1.23587e+08	1.24559e+08	1.25742e+08	1.2698e+08	1.2799e+08	1.28351e+08	1.27559e+08	1.25148e+08	1.2083e+08	1.14591e+08	1.06688e+08	9.7545e+07	8.76352e+07	7.73974e+07	6.72375e+07	5.7633e+07	4.9443e+07	4.51154e+07	
1.26005e+08	1.26251e+08	1.27027e+08	1.28393e+08	1.30409e+08	1.33097e+08	1.36373e+08	1.39908e+08	1.42992e+08	1.4454e+08	1.43409e+08	1.38896e+08	1.31105e+08	1.2082e+08	1.09093e+08	9.68172e+07	8.45975e+07	7.28507e+07	6.20174e+07	5.29462e+07	4.82097e+07	
1.28197e+08	1.28518e+08	1.29539e+08	1.31362e+08	1.34121e+08	1.37958e+08	1.4294e+08	1.48851e+08	1.5482e+08	1.5907e+08	1.59381e+08	1.54441e+08	1.44587e+08	1.31583e+08	1.17311e+08	1.02998e+08	8.92477e+07	7.63694e+07	6.47083e+07	5.50661e+07	5.00709e+07	
1.3003e+08	1.30416e+08	1.31646e+08	1.33868e+08	1.37297e+08	1.42222e+08	1.48947e+08	1.57552e+08	1.67202e+08	1.75323e+08	1.77878e+08	1.71887e+08	1.58786e+08	1.42134e+08	1.24881e+08	1.08446e+08	9.32265e+07	7.9321e+07	6.69365e+07	5.68075e+07	5.15947e+07	
1.31388e+08	1.31817e+08	1.33189e+08	1.35685e+08	1.39587e+08	1.45309e+08	1.53381e+08	1.6427e+08	1.77462e+08	1.89304e+08	1.93758e+08	1.8691e+08	1.70573e+08	1.50276e+08	1.30432e+08	1.12326e+08	9.60123e+07	8.13698e+07	6.84775e+07	5.80106e+07	5.26475e+07	
1.32191e+08	1.32635e+08	1.34058e+08	1.3665e+08	1.40723e+08	1.46737e+08	1.55323e+08	1.67104e+08	1.81919e+08	1.9524e+08	1.9688e+08	1.93253e+08	1.75623e+08	1.53593e+08	1.32709e+08	1.1394e+08	9.71997e+07	8.22674e+07	6.91713e+07	5.85649e+07	5.31379e+07	
1.32412e+08	1.32842e+08	1.34213e+08	1.36706e+08	1.40606e+08	1.46323e+08	1.54388e+08	1.65266e+08	1.78442e+08	1.90263e+08	1.9469e+08	1.87808e+08	1.7143e+08	1.51084e+08	1.31186e+08	1.13018e+08	9.66371e+07	8.19243e+07	6.89619e+07	5.84324e+07	5.30349e+07	
1.32082e+08	1.32468e+08	1.33697e+08	1.35915e+08	1.3934e+08	1.44256e+08	1.50967e+08	1.59551e+08	1.6917e+08	1.7725e+08	1.79752e+08	1.73694e+08	1.60511e+08	1.43763e+08	1.26399e+08	1.0984e+08	9.44856e+07	8.04387e+07	6.79129e+07	5.76575e+07	5.23755e+07	
1.31282e+08	1.31603e+08	1.32622e+08	1.34443e+08	1.37197e+08	1.41023e+08	1.45988e+08	1.51869e+08	1.57796e+08	1.61987e+08	1.62219e+08	1.5718e+08	1.47204e+08	1.34055e+08	1.19615e+08	1.05115e+08	9.11605e+07	7.80675e+07	6.61919e+07	5.63577e+07	5.12573e+07	
1.3013e+08	1.30376e+08	1.31152e+08	1.32518e+08	1.34531e+08	1.37211e+08	1.40468e+08	1.43971e+08	1.47005e+08	1.48478e+08	1.47246e+08	1.42603e+08	1.34649e+08	1.24171e+08	1.12218e+08	9.96896e+07	8.71936e+07	7.51558e+07	6.40314e+07	5.46996e+07	4.98203e+07	
1.28055e+08	1.28186e+08	1.28599e+08	1.29305e+08	1.30287e+08	1.31474e+08	1.32705e+08	1.33688e+08	1.33995e+08	1.33116e+08	1.30577e+08	1.26086e+08	1.19628e+08	1.11456e+08	1.01997e+08	9.17293e+07	8.1099e+07	7.05244e+07	6.05046e+07	5.19426e+07	4.74112e+07	
1.25988e+08	1.26024e+08	1.26135e+08	1.26312e+08	1.26508e+08	1.26632e+08	1.2654e+08	1.26032e+08	1.24861e+08	1.2277e+08	1.19534e+08	1.15013e+08	1.09178e+08	1.02124e+08	9.40413e+07	8.51866e+07	7.58563e+07	6.63945e+07	5.72716e+07	4.93652e+07	4.51393e+07	
1.23324e+08	1.23257e+08	1.23053e+08	1.2269e+08	1.22122e+08	1.21276e+08	1.20059e+08	1.18361e+08	1.16069e+08	1.1308e+08	1.09308e+08	1.04695e+08	9.92256e+07	9.29242e+07	8.58627e+07	7.81608e+07	6.99929e+07	6.16107e+07	5.34192e+07	4.62297e+07	4.23497e+07	
1.23124e+08	1.2305e+08	1.22825e+08	1.22428e+08	1.21813e+08	1.20911e+08	1.1963e+08	1.17869e+08	1.15521e+08	1.12487e+08	1.08686e+08	1.04066e+08	9.86101e+07	9.23424e+07	8.53312e+07	7.7691e+07	6.95901e+07	6.12743e+07	5.31432e+07	4.60021e+07	4.21459e+07	

t = 0.6
1.10757e+08	1.10622e+08	1.10212e+08	1.09517e+08	1.08509e+08	1.07154e+08	1.05404e+08	1.03211e+08	1.00524e+08	9.7297e+07	9.34952e+07	8.9098e+07	8.4104e+07	7.85342e+07	7.24352e+07	6.58843e+07	5.89996e+07	5.19644e+07	4.50957e+07	3.90612e+07	3.57989e+07	
1.12912e+08	1.12814e+08	1.12518e+08	1.12008e+08	1.1125e+08	1.10191e+08	1.08764e+08	1.0689e+08	1.04486e+08	1.01478e+08	9.78055e+07	9.34306e+07	8.83454e+07	8.25755e+07	7.61827e+07	6.92676e+07	6.19767e+07	5.45237e+07	4.7258e+07	4.089e+07	3.74556e+07	
1.18702e+08	1.1873e+08	1.1882e+08	1.18963e+08	1.19118e+08	1.19203e+08	1.19083e+08	1.1857e+08	1.1743e+08	1.15418e+08	1.12322e+08	1.08007e+08	1.02452e+08	9.57487e+07	8.80858e+07	7.97112e+07	7.09089e+07	6.20047e+07	5.34396e+07	4.6032e+07	4.20788e+07	
1.22356e+08	1.22484e+08	1.22888e+08	1.23581e+08	1.24544e+08	1.25709e+08	1.26915e+08	1.27879e+08	1.28189e+08	1.27353e+08	1.24919e+08	1.20606e+08	1.14401e+08	1.06547e+08	9.74538e+07	8.75842e+07	7.73722e+07	6.72262e+07	5.76282e+07	4.9441e+07	4.51142e+07	
1.26004e+08	1.26249e+08	1.27022e+08	1.28379e+08	1.30368e+08	1.32992e+08	1.36127e+08	1.39417e+08	1.42168e+08	1.43398e+08	1.42098e+08	1.37658e+08	1.30135e+08	1.20191e+08	1.08751e+08	9.66561e+07	8.45291e+07	7.28235e+07	6.2007e+07	5.29421e+07	4.82074e+07	
1.28195e+08	1.28516e+08	1.29532e+08	1.3134e+08	1.34055e+08	1.37771e+08	1.42458e+08	1.47758e+08	1.52764e+08	1.55992e+08	1.55778e+08	1.51103e+08	1.42165e+08	1.30183e+08	1.16637e+08	1.02713e+08	8.9136e+07	7.63276e+07	6.4693e+07	5.50604e+07	5.00677e+07	
1.30028e+08	1.30413e+08	1.31637e+08	1.33837e+08	1.37203e+08	1.41941e+08	1.4816e+08	1.55559e+08	1.62966e+08	1.68274e+08	1.69192e+08	1.64238e+08	1.53794e+08	1.39579e+08	1.23781e+08	1.08017e+08	9.30676e+07	7.92641e+07	6.69164e+07	5.68002e+07	5.15907e+07	
1.31386e+08	1.31813e+08	1.33178e+08	1.35648e+08	1.3947e+08	1.44949e+08	1.52326e+08	1.61391e+08	1.70662e+08	1.7703e+08	1.78091e+08	1.73588e+08	1.62556e+08	1.46584e+08	1.28957e+08	1.11776e+08	9.58161e+07	8.13014e+07	6.84538e+07	5.80022e+07	5.2643e+07	
1.32189e+08	1.32631e+08	1.34046e+08	1.36611e+08	1.40598e+08	1.46347e+08	1.54157e+08	1.63863e+08	1.7386e+08	1.80175e+08	1.80145e+08	1.769e+08	1.66121e+08	1.49436e+08	1.31078e+08	1.13343e+08	9.69891e+07	8.21947e+07	6.91463e+07	5.8556e+07	5.31332e+07	
1.3241e+08	1.32838e+08	1.34201e+08	1.3667e+08	1.40489e+08	1.45963e+08	1.53332e+08	1.62387e+08	1.71642e+08	1.77989e+08	1.79022e+08	1.74486e+08	1.63412e+08	1.47392e+08	1.2971e+08	1.12468e+08	9.64409e+07	8.18559e+07	6.89383e+07	5.84239e+07	5.30304e+07	
1.32081e+08	1.32465e+08	1.33687e+08	1.35885e+08	1.39245e+08	1.43975e+08	1.5018e+08	1.57558e+08	1.64935e+08	1.70202e+08	1.71066e+08	1.66045e+08	1.55519e+08	1.41208e+08	1.25298e+08	1.0941e+08	9.43267e+07	8.03818e+07	6.78928e+07	5.76502e+07	5.23716e+07	
1.3128e+08	1.316e+08	1.32615e+08	1.34421e+08	1.3713e+08	1.40837e+08	1.45505e+08	1.50776e+08	1.5574e+08	1.58909e+08	1.58617e+08	1.53842e+08	1.44782e+08	1.32655e+08	1.18942e+08	1.0483e+08	9.10487e+07	7.80257e+07	6.61766e+07	5.6352e+07	5.12541e+07	
1.30129e+08	1.30374e+08	1.31147e+08	1.32504e+08	1.34491e+08	1.37106e+08	1.40223e+08	1.4348e+08	1.46181e+08	1.47336e+08	1.45936e+08	1.41365e+08	1.3368e+08	1.23542e+08	1.11876e+08	9.95285e+07	8.71252e+07	7.51286e+07	6.4021e+07	5.46955e+07	4.9818e+07	
1.28054e+08	1.28185e+08	1.28597e+08	1.29299e+08	1.30272e+08	1.31441e+08	1.32639e+08	1.33577e+08	1.33833e+08	1.3291e+08	1.30348e+08	1.25863e+08	1.19437e+08	1.11314e+08	1.01906e+08	9.16783e+07	8.10738e+07	7.05131e+07	6.04998e+07	5.19406e+07	4.741e+07	
1.25988e+08	1.26023e+08	1.26135e+08	1.2631e+08	1.26504e+08	1.26625e+08	1.26529e+08	1.26015e+08	1.24838e+08	1.22742e+08	1.19504e+08	1.14983e+08	1.09151e+08	1.02102e+08	9.40251e+07	8.51759e+07	7.58501e+07	6.63912e+07	5.727e+07	4.93644e+07	4.51388e+07	
1.23324e+08	1.23257e+08	1.23053e+08	1.2269e+08	1.22123e+08	1.21277e+08	1.2006e+08	1.18362e+08	1.16072e+08	1.13084e+08	1.09311e+08	1.04699e+08	9.92286e+07	9.29266e+07	8.58643e+07	7.81617e+07	6.99933e+07	6.16108e+07	5.34192e+07	4.62297e+07	4.23497e+07	
1.23124e+08	1.2305e+08	1.22825e+08	1.22428e+08	1.21813e+08	1.20911e+08	1.19631e+08	1.1787e+08	1.15523e+08	1.12489e+08	1.08688e+08	1.04068e+08	9.86119e+07	9.23438e+07	8.53322e+07	7.76916e+07	6.95904e+07	6.12745e+07	5.31432e+07	4.60021e+07	4.21459e+07	

t = 0.8
1.10757e+08	1.10622e+08	1.10212e+08	1.09517e+08	1.08509e+08	1.07154e+08	1.05404e+08	1.03211e+08	1.00523e+08	9.72962e+07	9.34943e+07	8.90971e+07	8.41033e+07	7.85337e+07	7.2435e+07	6.58843e+07	5.89996e+07	5.19644e+07	4.50958e+07	3.90612e+07	3.57989e+07	
1.12912e+08	1.12814e+08	1.12518e+08	1.12008e+08	1.1125e+08	1.10192e+08	1.08766e+08	1.06893e+08	1.04491e+08	1.01484e+08	9.78118e+07	9.34367e+07	8.83507e+07	8.25795e+07	7.61852e+07	6.9269e+07	6.19772e+07	5.45238e+07	4.7258e+07	4.089e+07	3.74555e+07	
1.18701e+08	1.18729e+08	1.18818e+08	1.18958e+08	1.19108e+08	1.19185e+08	1.19053e+08	1.18526e+08	1.17371e+08	1.15347e+08	1.12244e+08	1.0793e+08	1.02382e+08	9.56926e+07	8.80448e+07	7.96841e+07	7.08928e+07	6.1996e+07	5.34352e+07	4.60298e+07	4.20774e+07	
1.22354e+08	1.22482e+08	1.22882e+08	1.23566e+08	1.2451e+08	1.25636e+08	1.26778e+08	1.27652e+08	1.27859e+08	1.26935e+08	1.24454e+08	1.20153e+08	1.14014e+08	1.06257e+08	9.72635e+07	8.74735e+07	7.73144e+07	6.71986e+07	5.76158e+07	4.94354e+07	4.51107e+07	
1.26001e+08	1.26244e+08	1.27009e+08	1.28344e+08	1.30281e+08	1.32786e+08	1.35692e+08	1.38611e+08	1.40885e+08	1.41666e+08	1.40132e+08	1.35781e+08	1.28626e+08	1.19161e+08	1.08145e+08	9.63421e+07	8.43821e+07	7.27597e+07	6.19805e+07	5.29311e+07	4.82009e+07	
1.28191e+08	1.28509e+08	1.29513e+08	1.31288e+08	1.33916e+08	1.37424e+08	1.41671e+08	1.46194e+08	1.50114e+08	1.52252e+08	1.51462e+08	1.47047e+08	1.39047e+08	1.28182e+08	1.15539e+08	1.02183e+08	8.89027e+07	7.62313e+07	6.46548e+07	5.5045e+07	5.00588e+07	
1.30023e+08	1.30404e+08	1.31613e+08	1.33768e+08	1.37009e+08	1.41433e+08	1.46942e+08	1.5299e+08	1.58411e+08	1.61664e+08	1.61452e+08	1.57069e+08	1.48432e+08	1.36291e+08	1.2208e+08	1.07241e+08	9.2742e+07	7.91348e+07	6.68666e+07	5.67806e+07	5.15797e+07	
1.3138e+08	1.31803e+08	1.3315e+08	1.35565e+08	1.39233e+08	1.4431e+08	1.50737e+08	1.57891e+08	1.64282e+08	1.67995e+08	1.67927e+08	1.63789e+08	1.55043e+08	1.42101e+08	1.26738e+08	1.108e+08	9.5418e+07	8.11469e+07	6.83955e+07	5.79796e+07	5.26304e+07	
1.32182e+08	1.32621e+08	1.34016e+08	1.36523e+08	1.40344e+08	1.45657e+08	1.52419e+08	1.59976e+08	1.66674e+08	1.70398e+08	1.70274e+08	1.66297e+08	1.57658e+08	1.44458e+08	1.28653e+08	1.12289e+08	9.65635e+07	8.20307e+07	6.90848e+07	5.85323e+07	5.31199e+07	
1.32404e+08	1.32828e+08	1.34173e+08	1.36587e+08	1.40252e+08	1.45324e+08	1.51743e+08	1.58886e+08	1.65261e+08	1.68954e+08	1.68858e+08	1.64687e+08	1.55899e+08	1.4291e+08	1.27491e+08	1.11492e+08	9.60428e+07	8.17014e+07	6.88799e+07	5.84013e+07	5.30178e+07	
1.32075e+08	1.32456e+08	1.33663e+08	1.35815e+08	1.39051e+08	1.43467e+08	1.48962e+08	1.54989e+08	1.6038e+08	1.63591e+08	1.63326e+08	1.58876e+08	1.50157e+08	1.37919e+08	1.23598e+08	1.08635e+08	9.40011e+07	8.02524e+07	6.78431e+07	5.76307e+07	5.23605e+07	
1.31276e+08	1.31593e+08	1.32597e+08	1.34369e+08	1.36991e+08	1.40489e+08	1.44718e+08	1.49212e+08	1.5309e+08	1.55169e+08	1.543e+08	1.49786e+08	1.41664e+08	1.30653e+08	1.17843e+08	1.043e+08	9.08154e+07	7.79294e+07	6.61384e+07	5.63366e+07	5.12453e+07	
1.30126e+08	1.30369e+08	1.31134e+08	1.32469e+08	1.34403e+08	1.369e+08	1.39788e+08	1.42674e+08	1.44897e+08	1.45604e+08	1.4397e+08	1.39488e+08	1.3217e+08	1.22512e+08	1.1127e+08	9.92145e+07	8.69783e+07	7.50648e+07	6.39946e+07	5.46845e+07	4.98114e+07	
1.28053e+08	1.28183e+08	1.2859e+08	1.29284e+08	1.30238e+08	1.31368e+08	1.32502e+08	1.3335e+08	1.33503e+08	1.32491e+08	1.29883e+08	1.2541e+08	1.19051e+08	1.11025e+08	1.01716e+08	9.15677e+07	8.1016e+07	7.04855e+07	6.04874e+07	5.1935e+07	4.74065e+07	
1.25987e+08	1.26022e+08	1.26132e+08	1.26306e+08	1.26494e+08	1.26607e+08	1.26499e+08	1.2597e+08	1.24779e+08	1.22671e+08	1.19426e+08	1.14905e+08	1.09082e+08	1.02046e+08	9.3984e+07	8.51489e+07	7.5834e+07	6.63825e+07	5.72656e+07	4.93622e+07	4.51374e+07	
1.23324e+08	1.23257e+08	1.23053e+08	1.2269e+08	1.22123e+08	1.21278e+08	1.20062e+08	1.18366e+08	1.16078e+08	1.13091e+08	1.09319e+08	1.04706e+08	9.92352e+07	9.29315e+07	8.58675e+07	7.81635e+07	6.9994e+07	6.1611e+07	5.34192e+07	4.62296e+07	4.23496e+07	
1.23124e+08	1.2305e+08	1.22825e+08	1.22428e+08	1.21814e+08	1.20912e+08	1.19632e+08	1.17873e+08	1.15526e+08	1.12493e+08	1.08693e+08	1.04073e+08	9.86161e+07	9.23471e+07	8.53345e+07	7.7693e+07	6.95911e+07	6.12748e+07	5.31433e+07	4.60021e+07	4.21459e+07	

t = 1
1.10757e+08	1.10622e+08	1.10212e+08	1.09517e+08	1.0851e+08	1.07154e+08	1.05405e+08	1.03211e+08	1.00523e+08	9.72957e+07	9.34937e+07	8.90966e+07	8.41031e+07	7.85338e+07	7.24353e+07	6.58847e+07	5.9e+07	5.19647e+07	4.5096e+07	3.90613e+07	3.5799e+07	
1.12912e+08	1.12814e+08	1.12517e+08	1.12008e+08	1.1125e+08	1.10193e+08	1.08768e+08	1.06897e+08	1.04497e+08	1.01493e+08	9.78214e+07	9.34461e+07	8.83586e+07	8.25852e+07	7.61886e+07	6.92706e+07	6.19777e+07	5.45237e+07	4.72577e+07	4.08897e+07	3.74553e+07	
1.18699e+08	1.18726e+08	1.18812e+08	1.18947e+08	1.19087e+08	1.19147e+08	1.18992e+08	1.18434e+08	1.17249e+08	1.152e+08	1.12083e+08	1.0777e+08	1.02239e+08	9.55765e+07	8.79593e+07	7.9627e+07	7.08579e+07	6.19763e+07	5.34248e+07	4.60243e+07	4.20737e+07	
1.2235e+08	1.22476e+08	1.22869e+08	1.23535e+08	1.24443e+08	1.25504e+08	1.26542e+08	1.27275e+08	1.27324e+08	1.26263e+08	1.2371e+08	1.19426e+08	1.13386e+08	1.05777e+08	9.69362e+07	8.72733e+07	7.72031e+07	6.71416e+07	5.75883e+07	4.94222e+07	4.51022e+07	
1.25994e+08	1.26232e+08	1.26981e+08	1.28277e+08	1.30124e+08	1.32452e+08	1.3505e+08	1.37515e+08	1.39246e+08	1.39537e+08	1.37745e+08	1.33475e+08	1.26701e+08	1.17764e+08	1.07253e+08	9.58346e+07	8.41204e+07	7.2635e+07	6.19243e+07	5.29056e+07	4.8185e+07	
1.28181e+08	1.28493e+08	1.29474e+08	1.31189e+08	1.33677e+08	1.36892e+08	1.40604e+08	1.44311e+08	1.47228e+08	1.48447e+08	1.47172e+08	1.42924e+08	1.35655e+08	1.25777e+08	1.14056e+08	1.01373e+08	8.85023e+07	7.60478e+07	6.45748e+07	5.50099e+07	5.00374e+07	
1.3001e+08	1.30384e+08	1.31563e+08	1.33637e+08	1.36684e+08	1.40686e+08	1.45395e+08	1.50192e+08	1.54098e+08	1.56029e+08	1.55142e+08	1.50962e+08	1.43361e+08	1.32716e+08	1.19926e+08	1.06102e+08	9.21973e+07	7.88924e+07	6.67637e+07	5.67364e+07	5.15532e+07	
1.31365e+08	1.3178e+08	1.33092e+08	1.3541e+08	1.38842e+08	1.43391e+08	1.48794e+08	1.54329e+08	1.5884e+08	1.61155e+08	1.60486e+08	1.56377e+08	1.48645e+08	1.37549e+08	1.24032e+08	1.094e+08	9.4762e+07	8.08602e+07	6.82756e+07	5.79289e+07	5.26002e+07	
1.32167e+08	1.32597e+08	1.33955e+08	1.3636e+08	1.39928e+08	1.44673e+08	1.50323e+08	1.56111e+08	1.60811e+08	1.63237e+08	1.62657e+08	1.58539e+08	1.50765e+08	1.39519e+08	1.25732e+08	1.10789e+08	9.58652e+07	8.17275e+07	6.89587e+07	5.84792e+07	5.30884e+07	
1.3239e+08	1.32805e+08	1.34115e+08	1.36432e+08	1.39861e+08	1.44405e+08	1.49801e+08	1.55324e+08	1.5982e+08	1.62114e+08	1.61418e+08	1.57275e+08	1.49502e+08	1.38358e+08	1.24786e+08	1.10092e+08	9.53867e+07	8.14147e+07	6.87601e+07	5.83506e+07	5.29876e+07	
1.32063e+08	1.32436e+08	1.33613e+08	1.35684e+08	1.38726e+08	1.4272e+08	1.47414e+08	1.52191e+08	1.56066e+08	1.57956e+08	1.57017e+08	1.52769e+08	1.45086e+08	1.34345e+08	1.21444e+08	1.07496e+08	9.34564e+07	8.00101e+07	6.77402e+07	5.75865e+07	5.2334e+07	
1.31266e+08	1.31577e+08	1.32558e+08	1.3427e+08	1.36752e+08	1.39957e+08	1.43652e+08	1.47329e+08	1.50204e+08	1.51364e+08	1.50011e+08	1.45663e+08	1.38272e+08	1.28249e+08	1.1636e+08	1.0349e+08	9.04151e+07	7.7746e+07	6.60585e+07	5.63015e+07	5.12239e+07	
1.30118e+08	1.30357e+08	1.31107e+08	1.32402e+08	1.34246e+08	1.36566e+08	1.39146e+08	1.41578e+08	1.43258e+08	1.43475e+08	1.41582e+08	1.37182e+08	1.30245e+08	1.21114e+08	1.10378e+08	9.8707e+07	8.67166e+07	7.49401e+07	6.39383e+07	5.4659e+07	4.97956e+07	
1.28049e+08	1.28177e+08	1.28577e+08	1.29253e+08	1.30171e+08	1.31236e+08	1.32266e+08	1.32973e+08	1.32968e+08	1.3182e+08	1.29139e+08	1.24683e+08	1.18423e+08	1.10544e+08	1.01388e+08	9.13674e+07	8.09047e+07	7.04285e+07	6.04599e+07	5.19217e+07	4.7398e+07	
1.25986e+08	1.2602e+08	1.26127e+08	1.26295e+08	1.26473e+08	1.26569e+08	1.26437e+08	1.25879e+08	1.24657e+08	1.22523e+08	1.19265e+08	1.14746e+08	1.08939e+08	1.0193e+08	9.38986e+07	8.50918e+07	7.57991e+07	6.63628e+07	5.72552e+07	4.93568e+07	4.51337e+07	
1.23324e+08	1.23257e+08	1.23052e+08	1.2269e+08	1.22123e+08	1.2128e+08	1.20065e+08	1.18372e+08	1.16086e+08	1.13101e+08	1.09331e+08	1.04718e+08	9.92451e+07	9.29387e+07	8.58719e+07	7.81656e+07	6.99947e+07	6.1611e+07	5.34189e+07	4.62293e+07	4.23493e+07	
1.23124e+08	1.2305e+08	1.22825e+08	1.22428e+08	1.21814e+08	1.20913e+08	1.19635e+08	1.17877e+08	1.15532e+08	1.12501e+08	1.08702e+08	1.04081e+08	9.86235e+07	9.23528e+07	8.53382e+07	7.76951e+07	6.95921e+07	6.1275e+07	5.31433e+07	4.60019e+07	4.21457e+07	

t = 1.2
1.10757e+08	1.10622e+08	1.10213e+08	1.09517e+08	1.0851e+08	1.07155e+08	1.05406e+08	1.03212e+08	1.00524e+08	9.72971e+07	9.34951e+07	8.90982e+07	8.41047e+07	7.85355e+07	7.24369e+07	6.58861e+07	5.9001e+07	5.19654e+07	4.50964e+07	3.90615e+07	3.57991e+07	
1.12911e+08	1.12813e+08	1.12517e+08	1.12007e+08	1.1125e+08	1.10193e+08	1.0877e+08	1.069e+08	1.04503e+08	1.015e+08	9.78301e+07	9.34544e+07	8.83652e+07	8.25893e+07	7.61904e+07	6.92706e+07	6.19768e+07	5.45226e+07	4.72567e+07	4.08889e+07	3.74546e+07	
1.18695e+08	1.1872e+08	1.18802e+08	1.18926e+08	1.19048e+08	1.19079e+08	1.18883e+08	1.18277e+08	1.17041e+08	1.1495e+08	1.1181e+08	1.075e+08	1.01996e+08	9.53762e+07	8.78092e+07	7.95239e+07	7.07927e+07	6.1938e+07	5.34036e+07	4.60126e+07	4.20653e+07	
1.22341e+08	1.22463e+08	1.22843e+08	1.23479e+08	1.24331e+08	1.25298e+08	1.26194e+08	1.26743e+08	1.26593e+08	1.25363e+08	1.22718e+08	1.18451e+08	1.12529e+08	1.051e+08	9.64543e+07	8.69615e+07	7.70184e+07	6.70402e+07	5.75358e+07	4.9395e+07	4.50838e+07	
1.25977e+08	1.26209e+08	1.26931e+08	1.28163e+08	1.29884e+08	1.31985e+08	1.34227e+08	1.36213e+08	1.37413e+08	1.37247e+08	1.35212e+08	1.30995e+08	1.2455e+08	1.16105e+08	1.0611e+08	9.51264e+07	8.37207e+07	7.24265e+07	6.18217e+07	5.28551e+07	4.81519e+07	
1.28159e+08	1.28461e+08	1.29404e+08	1.31027e+08	1.33325e+08	1.36189e+08	1.3934e+08	1.42287e+08	1.44369e+08	1.44883e+08	1.43235e+08	1.39065e+08	1.32301e+08	1.23199e+08	1.12301e+08	1.00307e+08	8.79157e+07	7.57501e+07	6.44322e+07	5.49414e+07	4.99932e+07	
1.29984e+08	1.30345e+08	1.31474e+08	1.33428e+08	1.3622e+08	1.39741e+08	1.4367e+08	1.47422e+08	1.5022e+08	1.51268e+08	1.49929e+08	1.45808e+08	1.3881e+08	1.29186e+08	1.17532e+08	1.04667e+08	9.14228e+07	7.85073e+07	6.65828e+07	5.66512e+07	5.14987e+07	
1.31335e+08	1.31735e+08	1.32989e+08	1.35166e+08	1.38293e+08	1.4226e+08	1.46713e+08	1.50993e+08	1.54242e+08	1.5563e+08	1.54492e+08	1.50396e+08	1.4325e+08	1.33297e+08	1.21142e+08	1.07682e+08	9.38457e+07	8.04103e+07	6.80669e+07	5.78316e+07	5.25386e+07	
1.32136e+08	1.3255e+08	1.33847e+08	1.36103e+08	1.39347e+08	1.43471e+08	1.48106e+08	1.52564e+08	1.55962e+08	1.57466e+08	1.56398e+08	1.5229e+08	1.45075e+08	1.34997e+08	1.22654e+08	1.08964e+08	9.48959e+07	8.12536e+07	6.87397e+07	5.83775e+07	5.30242e+07	
1.3236e+08	1.3276e+08	1.34013e+08	1.36188e+08	1.39312e+08	1.43274e+08	1.47719e+08	1.51988e+08	1.55222e+08	1.56589e+08	1.55424e+08	1.51293e+08	1.44106e+08	1.34105e+08	1.21895e+08	1.08374e+08	9.44705e+07	8.09649e+07	6.85513e+07	5.82534e+07	5.29259e+07	
1.32036e+08	1.32396e+08	1.33524e+08	1.35475e+08	1.38262e+08	1.41774e+08	1.45689e+08	1.49421e+08	1.52189e+08	1.53196e+08	1.51803e+08	1.47615e+08	1.40536e+08	1.30814e+08	1.19049e+08	1.06061e+08	9.26819e+07	7.96249e+07	6.75592e+07	5.75012e+07	5.22795e+07	
1.31244e+08	1.31545e+08	1.32487e+08	1.34108e+08	1.364e+08	1.39254e+08	1.42387e+08	1.45305e+08	1.47346e+08	1.478e+08	1.46074e+08	1.41804e+08	1.34918e+08	1.2567e+08	1.14605e+08	1.02423e+08	8.98284e+07	7.74482e+07	6.59158e+07	5.6233e+07	5.11796e+07	
1.30102e+08	1.30333e+08	1.31056e+08	1.32288e+08	1.34006e+08	1.36098e+08	1.38322e+08	1.40276e+08	1.41425e+08	1.41185e+08	1.39049e+08	1.34702e+08	1.28095e+08	1.19456e+08	1.09236e+08	9.79988e+07	8.63168e+07	7.47316e+07	6.38358e+07	5.46085e+07	4.97624e+07	
1.28039e+08	1.28164e+08	1.28551e+08	1.29198e+08	1.30059e+08	1.3103e+08	1.31918e+08	1.32441e+08	1.32237e+08	1.30919e+08	1.28147e+08	1.23708e+08	1.17565e+08	1.09867e+08	1.00906e+08	9.10557e+07	8.072e+07	7.03272e+07	6.04075e+07	5.18946e+07	4.73796e+07	
1.25981e+08	1.26014e+08	1.26117e+08	1.26274e+08	1.26434e+08	1.26501e+08	1.26328e+08	1.25721e+08	1.24449e+08	1.22273e+08	1.18992e+08	1.14475e+08	1.08695e+08	1.01729e+08	9.37486e+07	8.49889e+07	7.5734e+07	6.63246e+07	5.72341e+07	4.93451e+07	4.51254e+07	
1.23324e+08	1.23256e+08	1.23052e+08	1.2269e+08	1.22123e+08	1.2128e+08	1.20067e+08	1.18376e+08	1.16093e+08	1.13111e+08	1.09342e+08	1.04729e+08	9.92538e+07	9.29444e+07	8.58746e+07	7.8166e+07	6.99939e+07	6.16098e+07	5.34177e+07	4.62284e+07	4.23485e+07	
1.23124e+08	1.23049e+08	1.22824e+08	1.22428e+08	1.21815e+08	1.20914e+08	1.19638e+08	1.17882e+08	1.1554e+08	1.12511e+08	1.08712e+08	1.04092e+08	9.86323e+07	9.23593e+07	8.53422e+07	7.7697e+07	6.95925e+07	6.12748e+07	5.31428e+07	4.60014e+07	4.21452e+07	

t = 1.4
1.10757e+08	1.10622e+08	1.10213e+08	1.09518e+08	1.08511e+08	1.07157e+08	1.05408e+08	1.03216e+08	1.00529e+08	9.7302e+07	9.35004e+07	8.91035e+07	8.41097e+07	7.85399e+07	7.24405e+07	6.58888e+07	5.90029e+07	5.19666e+07	4.50971e+07	3.90619e+07	3.57994e+07	
1.1291e+08	1.12812e+08	1.12515e+08	1.12005e+08	1.11247e+08	1.1019e+08	1.08766e+08	1.06897e+08	1.04501e+08	1.01499e+08	9.78292e+07	9.34531e+07	8.83628e+07	8.25856e+07	7.61858e+07	6.92657e+07	6.19723e+07	5.45189e+07	4.72539e+07	4.08869e+07	3.7453e+07	
1.18686e+08	1.18709e+08	1.18782e+08	1.1889e+08	1.18983e+08	1.1897e+08	1.18716e+08	1.18041e+08	1.16735e+08	1.14586e+08	1.11415e+08	1.07107e+08	1.01638e+08	9.50774e+07	8.75797e+07	7.93612e+07	7.06856e+07	6.18722e+07	5.33653e+07	4.59902e+07	4.20489e+07	
1.22323e+08	1.22439e+08	1.22798e+08	1.23392e+08	1.24167e+08	1.25012e+08	1.25737e+08	1.26077e+08	1.25709e+08	1.24297e+08	1.21554e+08	1.17299e+08	1.11494e+08	1.04254e+08	9.58241e+07	8.6531e+07	7.67471e+07	6.68812e+07	5.74477e+07	4.93461e+07	4.50491e+07	
1.25947e+08	1.26167e+08	1.26848e+08	1.27995e+08	1.29557e+08	1.31399e+08	1.3327e+08	1.34797e+08	1.3552e+08	1.34959e+08	1.32711e+08	1.2852e+08	1.22332e+08	1.14306e+08	1.04788e+08	9.42419e+07	8.31791e+07	7.21195e+07	6.16576e+07	5.27674e+07	4.80911e+07	
1.28119e+08	1.28405e+08	1.29293e+08	1.30794e+08	1.32865e+08	1.35354e+08	1.37965e+08	1.40252e+08	1.41661e+08	1.41631e+08	1.39691e+08	1.35546e+08	1.29127e+08	1.20612e+08	1.104e+08	9.90453e+07	8.71536e+07	7.53253e+07	6.42093e+07	5.48245e+07	4.99132e+07	
1.29935e+08	1.30277e+08	1.31335e+08	1.33134e+08	1.35632e+08	1.38663e+08	1.41891e+08	1.44799e+08	1.46764e+08	1.47162e+08	1.45473e+08	1.41366e+08	1.34762e+08	1.25851e+08	1.1507e+08	1.03039e+08	9.04477e+07	7.79705e+07	6.6305e+07	5.65076e+07	5.14013e+07	
1.31281e+08	1.31659e+08	1.32831e+08	1.34829e+08	1.37611e+08	1.41004e+08	1.44637e+08	1.4795e+08	1.50275e+08	1.50954e+08	1.49428e+08	1.45337e+08	1.38603e+08	1.29429e+08	1.1827e+08	1.05782e+08	9.2714e+07	7.97921e+07	6.77496e+07	5.7669e+07	5.24289e+07	
1.3208e+08	1.3247e+08	1.33683e+08	1.35749e+08	1.38631e+08	1.42148e+08	1.45921e+08	1.49371e+08	1.51816e+08	1.52588e+08	1.51112e+08	1.47014e+08	1.40219e+08	1.30938e+08	1.1963e+08	1.06964e+08	9.37064e+07	8.06054e+07	6.8408e+07	5.82081e+07	5.29102e+07	
1.32306e+08	1.32683e+08	1.33855e+08	1.3585e+08	1.3863e+08	1.42018e+08	1.45643e+08	1.48945e+08	1.51255e+08	1.51913e+08	1.5036e+08	1.46235e+08	1.39459e+08	1.30237e+08	1.19023e+08	1.06474e+08	9.33387e+07	8.03466e+07	6.8234e+07	5.80908e+07	5.28163e+07	
1.31988e+08	1.32328e+08	1.33386e+08	1.35182e+08	1.37674e+08	1.40697e+08	1.4391e+08	1.46798e+08	1.48733e+08	1.4909e+08	1.47347e+08	1.43173e+08	1.36487e+08	1.2748e+08	1.16588e+08	1.04433e+08	9.17068e+07	7.90882e+07	6.72814e+07	5.73576e+07	5.21822e+07	
1.31204e+08	1.3149e+08	1.32376e+08	1.33875e+08	1.3594e+08	1.38419e+08	1.41013e+08	1.4327e+08	1.44637e+08	1.44548e+08	1.4253e+08	1.38285e+08	1.31744e+08	1.23083e+08	1.12705e+08	1.01162e+08	8.90664e+07	7.70234e+07	6.56929e+07	5.61161e+07	5.10996e+07	
1.30071e+08	1.30291e+08	1.30974e+08	1.3212e+08	1.33679e+08	1.35512e+08	1.37365e+08	1.3886e+08	1.39532e+08	1.38898e+08	1.36549e+08	1.32227e+08	1.25877e+08	1.17656e+08	1.07913e+08	9.71144e+07	8.57753e+07	7.44247e+07	6.36716e+07	5.45207e+07	4.97017e+07	
1.28022e+08	1.2814e+08	1.28506e+08	1.2911e+08	1.29895e+08	1.30744e+08	1.31462e+08	1.31775e+08	1.31353e+08	1.29854e+08	1.26983e+08	1.22555e+08	1.1653e+08	1.09022e+08	1.00276e+08	9.06252e+07	8.04488e+07	7.01682e+07	6.03193e+07	5.18457e+07	4.73449e+07	
1.25973e+08	1.26003e+08	1.26097e+08	1.26237e+08	1.26369e+08	1.26393e+08	1.26162e+08	1.25486e+08	1.24143e+08	1.2191e+08	1.18597e+08	1.14083e+08	1.08338e+08	1.01431e+08	9.35195e+07	8.48264e+07	7.56272e+07	6.6259e+07	5.71958e+07	4.93228e+07	4.5109e+07	
1.23323e+08	1.23255e+08	1.2305e+08	1.22687e+08	1.2212e+08	1.21276e+08	1.20063e+08	1.18373e+08	1.16092e+08	1.13111e+08	1.09343e+08	1.04729e+08	9.92523e+07	9.2941e+07	8.58698e+07	7.81607e+07	6.99888e+07	6.16055e+07	5.34144e+07	4.6226e+07	4.23465e+07	
1.23123e+08	1.23048e+08	1.22823e+08	1.22427e+08	1.21813e+08	1.20913e+08	1.19638e+08	1.17884e+08	1.15544e+08	1.12516e+08	1.08719e+08	1.04098e+08	9.86367e+07	9.23616e+07	8.53425e+07	7.76957e+07	6.95905e+07	6.12726e+07	5.31408e+07	4.59998e+07	4.21439e+07	

t = 1.6
1.10757e+08	1.10622e+08	1.10213e+08	1.09519e+08	1.08513e+08	1.0716e+08	1.05413e+08	1.03222e+08	1.00536e+08	9.73106e+07	9.35097e+07	8.91128e+07	8.41183e+07	7.85473e+07	7.24463e+07	6.5893e+07	5.90057e+07	5.19683e+07	4.5098e+07	3.90624e+07	3.57997e+07	
1.12908e+08	1.1281e+08	1.12512e+08	1.12e+08	1.1124e+08	1.1018e+08	1.08753e+08	1.06882e+08	1.04483e+08	1.01479e+08	9.78085e+07	9.3432e+07	8.8342e+07	8.25661e+07	7.61684e+07	6.92511e+07	6.19607e+07	5.45102e+07	4.72477e+07	4.08825e+07	3.74494e+07	
1.18671e+08	1.1869e+08	1.1875e+08	1.18833e+08	1.18886e+08	1.18816e+08	1.18487e+08	1.17726e+08	1.16334e+08	1.14116e+08	1.10906e+08	1.06599e+08	1.0117e+08	9.46787e+07	8.7265e+07	7.91303e+07	7.05276e+07	6.17707e+07	5.3303e+07	4.59519e+07	4.20199e+07	
1.22293e+08	1.224e+08	1.2273e+08	1.23266e+08	1.23947e+08	1.2465e+08	1.25188e+08	1.2531e+08	1.24723e+08	1.23134e+08	1.20292e+08	1.16041e+08	1.10341e+08	1.03283e+08	9.50691e+07	8.59886e+07	7.63855e+07	6.66558e+07	5.73143e+07	4.9267e+07	4.49905e+07	
1.25895e+08	1.261e+08	1.26728e+08	1.27769e+08	1.2915e+08	1.3072e+08	1.3223e+08	1.33339e+08	1.33647e+08	1.32753e+08	1.30321e+08	1.26135e+08	1.20142e+08	1.12457e+08	1.03355e+08	9.32223e+07	8.25095e+07	7.17106e+07	6.14215e+07	5.26311e+07	4.79919e+07	
1.28053e+08	1.28318e+08	1.29134e+08	1.30492e+08	1.32315e+08	1.34431e+08	1.3655e+08	1.38273e+08	1.39134e+08	1.38668e+08	1.36489e+08	1.32345e+08	1.26172e+08	1.18103e+08	1.0845e+08	9.7658e+07	8.62474e+07	7.47772e+07	6.38966e+07	5.46464e+07	4.97848e+07	
1.29856e+08	1.30172e+08	1.31142e+08	1.32761e+08	1.34949e+08	1.37514e+08	1.40131e+08	1.42352e+08	1.4366e+08	1.43542e+08	1.41566e+08	1.37453e+08	1.31132e+08	1.22749e+08	1.12645e+08	1.01311e+08	8.93219e+07	7.72938e+07	6.59224e+07	5.62918e+07	5.12468e+07	
1.31193e+08	1.31541e+08	1.32613e+08	1.34405e+08	1.36833e+08	1.39693e+08	1.42634e+08	1.45179e+08	1.46778e+08	1.46886e+08	1.4504e+08	1.4094e+08	1.34513e+08	1.25916e+08	1.1551e+08	1.03811e+08	9.14311e+07	7.90237e+07	6.73175e+07	5.74268e+07	5.22561e+07	
1.31988e+08	1.32348e+08	1.33456e+08	1.35307e+08	1.37818e+08	1.40779e+08	1.43831e+08	1.46484e+08	1.48179e+08	1.4836e+08	1.4655e+08	1.42445e+08	1.35966e+08	1.27279e+08	1.16749e+08	1.04904e+08	9.23663e+07	7.98038e+07	6.79579e+07	5.79563e+07	5.27308e+07	
1.32217e+08	1.32566e+08	1.33637e+08	1.35427e+08	1.37852e+08	1.40707e+08	1.43641e+08	1.46174e+08	1.47757e+08	1.47845e+08	1.45971e+08	1.41838e+08	1.3537e+08	1.26724e+08	1.16263e+08	1.04502e+08	9.20558e+07	7.95783e+07	6.78019e+07	5.78486e+07	5.26435e+07	
1.31908e+08	1.32223e+08	1.33192e+08	1.34809e+08	1.36991e+08	1.39548e+08	1.4215e+08	1.4435e+08	1.45629e+08	1.4547e+08	1.4344e+08	1.3926e+08	1.32857e+08	1.24377e+08	1.14162e+08	1.02704e+08	9.05809e+07	7.84114e+07	6.68988e+07	5.71418e+07	5.20276e+07	
1.31138e+08	1.31403e+08	1.32218e+08	1.33572e+08	1.3539e+08	1.37496e+08	1.39597e+08	1.41291e+08	1.4211e+08	1.41585e+08	1.39327e+08	1.35084e+08	1.28789e+08	1.20575e+08	1.10754e+08	9.97749e+07	8.81602e+07	7.64753e+07	6.53802e+07	5.5938e+07	5.09712e+07	
1.3002e+08	1.30225e+08	1.30854e+08	1.31894e+08	1.33272e+08	1.34834e+08	1.36326e+08	1.37402e+08	1.37659e+08	1.36691e+08	1.34158e+08	1.29842e+08	1.23686e+08	1.15808e+08	1.06481e+08	9.60947e+07	8.51056e+07	7.40158e+07	6.34356e+07	5.43845e+07	4.96025e+07	
1.27991e+08	1.28101e+08	1.28438e+08	1.28985e+08	1.29675e+08	1.30383e+08	1.30913e+08	1.31008e+08	1.30367e+08	1.2869e+08	1.25721e+08	1.21298e+08	1.15378e+08	1.08051e+08	9.95214e+07	9.0083e+07	8.00873e+07	6.99429e+07	6.0186e+07	5.17667e+07	4.72864e+07	
1.25957e+08	1.25984e+08	1.26065e+08	1.26181e+08	1.26272e+08	1.26239e+08	1.25934e+08	1.25172e+08	1.23743e+08	1.21441e+08	1.1809e+08	1.13576e+08	1.07871e+08	1.01033e+08	9.32056e+07	8.45962e+07	7.54696e+07	6.61577e+07	5.71337e+07	4.92845e+07	4.508e+07	
1.2332e+08	1.23252e+08	1.23046e+08	1.22681e+08	1.22111e+08	1.21264e+08	1.20048e+08	1.18356e+08	1.16072e+08	1.13089e+08	1.09319e+08	1.04705e+08	9.92286e+07	9.29186e+07	8.58496e+07	7.81434e+07	6.99749e+07	6.1595e+07	5.3407e+07	4.62206e+07	4.2342e+07	
1.23121e+08	1.23046e+08	1.22821e+08	1.22423e+08	1.21808e+08	1.20907e+08	1.1963e+08	1.17876e+08	1.15535e+08	1.12508e+08	1.0871e+08	1.04089e+08	9.86271e+07	9.23515e+07	8.53324e+07	7.76863e+07	6.95823e+07	6.1266e+07	5.31358e+07	4.5996e+07	4.21407e+07	

t = 1.8
1.10757e+08	1.10622e+08	1.10214e+08	1.0952e+08	1.08515e+08	1.07163e+08	1.05417e+08	1.03228e+08	1.00545e+08	9.73209e+07	9.35208e+07	8.91238e+07	8.41285e+07	7.85558e+07	7.24529e+07	6.58976e+07	5.90086e+07	5.19699e+07	4.50987e+07	3.90627e+07	3.57998e+07	
1.12904e+08	1.12805e+08	1.12505e+08	1.1199e+08	1.11225e+08	1.1016e+08	1.08726e+08	1.06848e+08	1.04442e+08	1.01433e+08	9.77593e+07	9.33823e+07	8.82946e+07	8.25233e+07	7.61317e+07	6.92214e+07	6.19379e+07	5.44936e+07	4.7236e+07	4.08742e+07	3.74425e+07	
1.18645e+08	1.18659e+08	1.18701e+08	1.18752e+08	1.18754e+08	1.18614e+08	1.18198e+08	1.17338e+08	1.15852e+08	1.13557e+08	1.10304e+08	1.05996e+08	1.00607e+08	9.41899e+07	8.68686e+07	7.88298e+07	7.03138e+07	6.16271e+07	5.32108e+07	4.58922e+07	4.19733e+07	
1.22244e+08	1.2234e+08	1.22634e+08	1.23101e+08	1.23673e+08	1.24223e+08	1.24569e+08	1.24475e+08	1.2368e+08	1.21923e+08	1.18987e+08	1.14734e+08	1.09124e+08	1.02228e+08	9.42194e+07	8.5351e+07	7.59385e+07	6.63615e+07	5.71295e+07	4.91505e+07	4.4901e+07	
1.25817e+08	1.26002e+08	1.26567e+08	1.27486e+08	1.28676e+08	1.29976e+08	1.31148e+08	1.31883e+08	1.31832e+08	1.30654e+08	1.28061e+08	1.23868e+08	1.18024e+08	1.10617e+08	1.01871e+08	9.21105e+07	8.17353e+07	7.12066e+07	6.11099e+07	5.24382e+07	4.78454e+07	
1.27954e+08	1.28194e+08	1.28926e+08	1.30125e+08	1.31696e+08	1.33458e+08	1.35137e+08	1.36378e+08	1.36782e+08	1.35956e+08	1.33571e+08	1.29415e+08	1.23427e+08	1.15708e+08	1.0651e+08	9.62028e+07	8.52354e+07	7.41211e+07	6.34939e+07	5.43993e+07	4.95982e+07	
1.29739e+08	1.30024e+08	1.30893e+08	1.32319e+08	1.342e+08	1.36336e+08	1.38425e+08	1.40074e+08	1.40843e+08	1.40301e+08	1.38083e+08	1.33953e+08	1.27844e+08	1.19869e+08	1.10303e+08	9.95491e+07	8.80965e+07	7.65014e+07	6.54383e+07	5.59967e+07	5.10249e+07	
1.31063e+08	1.31377e+08	1.32335e+08	1.3391e+08	1.35993e+08	1.38373e+08	1.40727e+08	1.4264e+08	1.43646e+08	1.43285e+08	1.41171e+08	1.37052e+08	1.30857e+08	1.22707e+08	1.12892e+08	1.01837e+08	9.00569e+07	7.81362e+07	6.67768e+07	5.70985e+07	5.20099e+07	
1.31854e+08	1.32178e+08	1.33167e+08	1.34793e+08	1.36946e+08	1.39409e+08	1.41852e+08	1.43853e+08	1.44935e+08	1.44631e+08	1.42544e+08	1.38418e+08	1.3218e+08	1.23953e+08	1.14033e+08	1.02854e+08	9.09386e+07	7.8882e+07	6.7397e+07	5.76161e+07	5.24758e+07	
1.32087e+08	1.32401e+08	1.33359e+08	1.34932e+08	1.37012e+08	1.39387e+08	1.41734e+08	1.43635e+08	1.44625e+08	1.44244e+08	1.42102e+08	1.3795e+08	1.31714e+08	1.23515e+08	1.13645e+08	1.02528e+08	9.06816e+07	7.86907e+07	6.72613e+07	5.75202e+07	5.23973e+07	
1.31791e+08	1.32075e+08	1.32943e+08	1.34366e+08	1.36242e+08	1.3837e+08	1.40444e+08	1.42072e+08	1.42812e+08	1.42229e+08	1.39957e+08	1.3576e+08	1.29569e+08	1.21498e+08	1.11821e+08	1.00943e+08	8.93556e+07	7.76191e+07	6.64148e+07	5.68468e+07	5.18057e+07	
1.31039e+08	1.31278e+08	1.3201e+08	1.33206e+08	1.34771e+08	1.36523e+08	1.38184e+08	1.39396e+08	1.39758e+08	1.38873e+08	1.3641e+08	1.32154e+08	1.26043e+08	1.18179e+08	1.08815e+08	9.83197e+07	8.71482e+07	7.58192e+07	6.49775e+07	5.5691e+07	5.07847e+07	
1.29942e+08	1.30127e+08	1.30692e+08	1.31612e+08	1.32798e+08	1.3409e+08	1.35244e+08	1.35946e+08	1.35845e+08	1.34592e+08	1.31898e+08	1.27575e+08	1.21569e+08	1.13968e+08	1.04996e+08	9.4983e+07	8.43315e+07	7.35118e+07	6.3124e+07	5.41916e+07	4.9456e+07	
1.27943e+08	1.28041e+08	1.28342e+08	1.2882e+08	1.29401e+08	1.29956e+08	1.30294e+08	1.30173e+08	1.29324e+08	1.2748e+08	1.24417e+08	1.19991e+08	1.14161e+08	1.06996e+08	9.8672e+07	8.94456e+07	7.96405e+07	6.96487e+07	6.00013e+07	5.16502e+07	4.71969e+07	
1.25932e+08	1.25953e+08	1.26017e+08	1.261e+08	1.26141e+08	1.26037e+08	1.25645e+08	1.24785e+08	1.23262e+08	1.20884e+08	1.17489e+08	1.12975e+08	1.0731e+08	1.00546e+08	9.28102e+07	8.42964e+07	7.52563e+07	6.60144e+07	5.70416e+07	4.9225e+07	4.50335e+07	
1.23315e+08	1.23246e+08	1.23038e+08	1.22669e+08	1.22093e+08	1.2124e+08	1.20016e+08	1.18314e+08	1.16023e+08	1.13034e+08	1.09261e+08	1.04646e+08	9.91718e+07	9.28671e+07	8.58053e+07	7.81073e+07	6.9947e+07	6.15744e+07	5.33923e+07	4.62101e+07	4.23334e+07	
1.23117e+08	1.23042e+08	1.22815e+08	1.22414e+08	1.21796e+08	1.20891e+08	1.19609e+08	1.1785e+08	1.15505e+08	1.12474e+08	1.08675e+08	1.04053e+08	9.85922e+07	9.23191e+07	8.53038e+07	7.76622e+07	6.95631e+07	6.12514e+07	5.31251e+07	4.59882e+07	4.21341e+07	

t = 2
1.10757e+08	1.10622e+08	1.10213e+08	1.0952e+08	1.08515e+08	1.07164e+08	1.0542e+08	1.03233e+08	1.00551e+08	9.73287e+07	9.35294e+07	8.91323e+07	8.41361e+07	7.85619e+07	7.24573e+07	6.59004e+07	5.901e+07	5.19703e+07	4.50986e+07	3.90622e+07	3.57992e+07	
1.12897e+08	1.12797e+08	1.12494e+08	1.11974e+08	1.11201e+08	1.10126e+08	1.08681e+08	1.0679e+08	1.04373e+08	1.01356e+08	9.76765e+07	9.32988e+07	8.8215e+07	8.24516e+07	7.60706e+07	6.9172e+07	6.18999e+07	5.44656e+07	4.72161e+07	4.08599e+07	3.74307e+07	
1.18606e+08	1.18613e+08	1.18633e+08	1.18644e+08	1.18587e+08	1.18367e+08	1.17854e+08	1.16891e+08	1.15305e+08	1.12931e+08	1.09632e+08	1.0532e+08	9.997e+07	9.36261e+07	8.64001e+07	7.84635e+07	7.00438e+07	6.14384e+07	5.3084e+07	4.58065e+07	4.19045e+07	
1.22174e+08	1.22256e+08	1.22506e+08	1.22896e+08	1.2335e+08	1.23743e+08	1.23898e+08	1.236e+08	1.22609e+08	1.20698e+08	1.17673e+08	1.13412e+08	1.07876e+08	1.01124e+08	9.33036e+07	8.4638e+07	7.54168e+07	6.60008e+07	5.68908e+07	4.89917e+07	4.47749e+07	
1.25707e+08	1.2587e+08	1.26363e+08	1.27154e+08	1.28149e+08	1.2919e+08	1.30051e+08	1.30454e+08	1.30091e+08	1.28666e+08	1.2593e+08	1.21723e+08	1.15995e+08	1.08816e+08	1.00372e+08	9.09429e+07	8.08826e+07	7.06204e+07	6.07254e+07	5.21853e+07	4.76461e+07	
1.27816e+08	1.28028e+08	1.2867e+08	1.29704e+08	1.31028e+08	1.32461e+08	1.33748e+08	1.34573e+08	1.34589e+08	1.33456e+08	1.30894e+08	1.26718e+08	1.20871e+08	1.13434e+08	1.04613e+08	9.47213e+07	8.41528e+07	7.3378e+07	6.30082e+07	5.40815e+07	4.93486e+07	
1.29578e+08	1.29829e+08	1.3059e+08	1.31821e+08	1.33409e+08	1.35157e+08	1.36785e+08	1.37949e+08	1.38266e+08	1.37366e+08	1.34941e+08	1.30787e+08	1.24841e+08	1.17192e+08	1.08063e+08	9.77956e+07	8.68136e+07	7.56213e+07	6.48644e+07	5.56224e+07	5.07317e+07	
1.30886e+08	1.31162e+08	1.32001e+08	1.33359e+08	1.35118e+08	1.37069e+08	1.38918e+08	1.40299e+08	1.40809e+08	1.40057e+08	1.37715e+08	1.33569e+08	1.27553e+08	1.19757e+08	1.1042e+08	9.9898e+07	8.86368e+07	7.7162e+07	6.61423e+07	5.66855e+07	5.16869e+07	
1.31671e+08	1.31956e+08	1.32821e+08	1.34223e+08	1.3604e+08	1.38061e+08	1.39983e+08	1.41435e+08	1.42007e+08	1.41299e+08	1.38977e+08	1.34823e+08	1.28769e+08	1.20906e+08	1.11479e+08	1.00849e+08	8.94698e+07	7.78743e+07	6.67408e+07	5.71894e+07	5.21422e+07	
1.31911e+08	1.32187e+08	1.33024e+08	1.34381e+08	1.36137e+08	1.38083e+08	1.39925e+08	1.41294e+08	1.41789e+08	1.41016e+08	1.38647e+08	1.34467e+08	1.28409e+08	1.20565e+08	1.11173e+08	1.0059e+08	8.92616e+07	7.77165e+07	6.66267e+07	5.71073e+07	5.20743e+07	
1.3163e+08	1.31881e+08	1.3264e+08	1.33868e+08	1.35451e+08	1.3719e+08	1.38805e+08	1.39947e+08	1.40234e+08	1.39294e+08	1.36815e+08	1.32594e+08	1.26566e+08	1.1882e+08	1.09581e+08	9.91893e+07	8.80726e+07	7.67389e+07	6.58408e+07	5.64725e+07	5.15125e+07	
1.30901e+08	1.31113e+08	1.31753e+08	1.32785e+08	1.34103e+08	1.35526e+08	1.36795e+08	1.37592e+08	1.37565e+08	1.36373e+08	1.33733e+08	1.29457e+08	1.23488e+08	1.15906e+08	1.06917e+08	9.68382e+07	8.60656e+07	7.50762e+07	6.44919e+07	5.53732e+07	5.05351e+07	
1.29831e+08	1.29994e+08	1.30489e+08	1.31279e+08	1.32272e+08	1.33304e+08	1.34147e+08	1.34517e+08	1.34103e+08	1.32604e+08	1.29768e+08	1.2543e+08	1.1954e+08	1.12167e+08	1.03498e+08	9.38155e+07	8.34789e+07	7.29257e+07	6.27395e+07	5.39387e+07	4.92567e+07	
1.27872e+08	1.27957e+08	1.28215e+08	1.28614e+08	1.29078e+08	1.29475e+08	1.29623e+08	1.29298e+08	1.28254e+08	1.26255e+08	1.23104e+08	1.1867e+08	1.12914e+08	1.05893e+08	9.77566e+07	8.87329e+07	7.9119e+07	6.92882e+07	5.97627e+07	5.14914e+07	4.70708e+07	
1.25893e+08	1.25907e+08	1.25948e+08	1.25992e+08	1.25974e+08	1.25791e+08	1.25302e+08	1.24339e+08	1.22717e+08	1.20259e+08	1.16819e+08	1.123e+08	1.06674e+08	9.99833e+07	9.23427e+07	8.39308e+07	7.49867e+07	6.5826e+07	5.6915e+07	4.91393e+07	4.49647e+07	
1.23306e+08	1.23236e+08	1.23024e+08	1.22648e+08	1.22063e+08	1.21198e+08	1.1996e+08	1.18244e+08	1.15938e+08	1.12938e+08	1.09158e+08	1.04542e+08	9.90734e+07	9.27782e+07	8.57292e+07	7.80455e+07	6.98992e+07	6.15391e+07	5.3367e+07	4.61918e+07	4.23181e+07	
1.23109e+08	1.23034e+08	1.22803e+08	1.22398e+08	1.21773e+08	1.20859e+08	1.19568e+08	1.17799e+08	1.15445e+08	1.12407e+08	1.08603e+08	1.0398e+08	9.85222e+07	9.22552e+07	8.52484e+07	7.76166e+07	6.95272e+07	6.12244e+07	5.31054e+07	4.59737e+07	4.21219e+07	

t = 2.2
1.10755e+08	1.1062e+08	1.10212e+08	1.09518e+08	1.08514e+08	1.07163e+08	1.05419e+08	1.03232e+08	1.00551e+08	9.7329e+07	9.35299e+07	8.91327e+07	8.4136e+07	7.85612e+07	7.24558e+07	6.58983e+07	5.90075e+07	5.19678e+07	4.50961e+07	3.906e+07	3.57972e+07	
1.12886e+08	1.12784e+08	1.12477e+08	1.11949e+08	1.11166e+08	1.10076e+08	1.08616e+08	1.06708e+08	1.04275e+08	1.01245e+08	9.75582e+07	9.31793e+07	8.81008e+07	8.23481e+07	7.59817e+07	6.90992e+07	6.18432e+07	5.44232e+07	4.71854e+07	4.08374e+07	3.74117e+07	
1.18551e+08	1.18549e+08	1.18543e+08	1.18508e+08	1.18385e+08	1.18079e+08	1.17465e+08	1.16395e+08	1.14709e+08	1.12256e+08	1.08911e+08	1.04593e+08	9.92778e+07	9.30039e+07	8.58717e+07	7.80391e+07	6.97208e+07	6.12044e+07	5.29204e+07	4.56912e+07	4.18098e+07	
1.22078e+08	1.22145e+08	1.22347e+08	1.22653e+08	1.22986e+08	1.23221e+08	1.23193e+08	1.22702e+08	1.21532e+08	1.19478e+08	1.1637e+08	1.12097e+08	1.06623e+08	9.99965e+07	9.23451e+07	8.38689e+07	7.48332e+07	6.55804e+07	5.65993e+07	4.87884e+07	4.4609e+07	
1.25561e+08	1.257e+08	1.26119e+08	1.26778e+08	1.27583e+08	1.2838e+08	1.28957e+08	1.29063e+08	1.28426e+08	1.26784e+08	1.23921e+08	1.19694e+08	1.14058e+08	1.07069e+08	9.88839e+07	8.97466e+07	7.99748e+07	6.99677e+07	6.02751e+07	5.18732e+07	4.73925e+07	
1.27638e+08	1.2782e+08	1.28368e+08	1.29239e+08	1.30327e+08	1.31458e+08	1.32397e+08	1.32858e+08	1.32538e+08	1.3114e+08	1.28422e+08	1.24222e+08	1.18487e+08	1.11279e+08	1.02774e+08	9.32404e+07	8.30277e+07	7.25692e+07	6.2451e+07	5.36965e+07	4.90363e+07	
1.29371e+08	1.29587e+08	1.30239e+08	1.31279e+08	1.32593e+08	1.3399e+08	1.35216e+08	1.35961e+08	1.35891e+08	1.34687e+08	1.32081e+08	1.27898e+08	1.2208e+08	1.14694e+08	1.05928e+08	9.60733e+07	8.55034e+07	7.4679e+07	6.42157e+07	5.5175e+07	5.03692e+07	
1.3066e+08	1.30898e+08	1.31617e+08	1.32766e+08	1.34224e+08	1.35793e+08	1.37203e+08	1.38128e+08	1.38217e+08	1.37134e+08	1.34596e+08	1.30419e+08	1.24539e+08	1.1703e+08	1.08086e+08	9.80136e+07	8.72018e+07	7.61295e+07	6.54317e+07	5.61959e+07	5.12905e+07	
1.31439e+08	1.31684e+08	1.32426e+08	1.33612e+08	1.35119e+08	1.36746e+08	1.38216e+08	1.392e+08	1.39339e+08	1.38291e+08	1.35767e+08	1.3158e+08	1.25667e+08	1.18099e+08	1.09076e+08	9.89078e+07	8.79908e+07	7.68099e+07	6.60084e+07	5.66847e+07	5.17339e+07	
1.31685e+08	1.31923e+08	1.3264e+08	1.33788e+08	1.35243e+08	1.36807e+08	1.38209e+08	1.39123e+08	1.39197e+08	1.38093e+08	1.35528e+08	1.31316e+08	1.25396e+08	1.17838e+08	1.0884e+08	9.87053e+07	8.78266e+07	7.66841e+07	6.59162e+07	5.66176e+07	5.16779e+07	
1.31423e+08	1.31639e+08	1.32289e+08	1.33327e+08	1.34635e+08	1.36024e+08	1.37236e+08	1.37959e+08	1.3786e+08	1.36614e+08	1.33955e+08	1.29705e+08	1.23805e+08	1.16322e+08	1.07446e+08	9.7467e+07	8.67625e+07	7.57967e+07	6.51922e+07	5.60251e+07	5.11501e+07	
1.30723e+08	1.30904e+08	1.31451e+08	1.3232e+08	1.33402e+08	1.34523e+08	1.35444e+08	1.35877e+08	1.35514e+08	1.34058e+08	1.31261e+08	1.26961e+08	1.21104e+08	1.13751e+08	1.05078e+08	9.53573e+07	8.49406e+07	7.42675e+07	6.39347e+07	5.49881e+07	5.02228e+07	
1.29686e+08	1.29825e+08	1.30244e+08	1.30904e+08	1.31706e+08	1.32494e+08	1.33053e+08	1.33127e+08	1.32438e+08	1.30722e+08	1.27758e+08	1.23402e+08	1.17603e+08	1.1042e+08	1.0201e+08	9.26193e+07	8.25712e+07	7.22731e+07	6.22892e+07	5.36267e+07	4.90032e+07	
1.27776e+08	1.27846e+08	1.28056e+08	1.28372e+08	1.28714e+08	1.28954e+08	1.28919e+08	1.28401e+08	1.27177e+08	1.25036e+08	1.21801e+08	1.17355e+08	1.11661e+08	1.04766e+08	9.67986e+07	8.79642e+07	7.85357e+07	6.8868e+07	5.94713e+07	5.12882e+07	4.6905e+07	
1.25837e+08	1.25843e+08	1.25858e+08	1.25856e+08	1.25772e+08	1.25503e+08	1.24914e+08	1.23844e+08	1.22122e+08	1.19586e+08	1.16099e+08	1.11574e+08	1.05983e+08	9.93618e+07	9.18148e+07	8.35067e+07	7.46639e+07	6.5592e+07	5.67513e+07	4.90239e+07	4.48699e+07	
1.2329e+08	1.23219e+08	1.23001e+08	1.22616e+08	1.22017e+08	1.21134e+08	1.19876e+08	1.18138e+08	1.15813e+08	1.12798e+08	1.09008e+08	1.04391e+08	9.89285e+07	9.26466e+07	8.56158e+07	7.79524e+07	6.98263e+07	6.14844e+07	5.33271e+07	4.61625e+07	4.22934e+07	
1.23097e+08	1.23019e+08	1.22785e+08	1.22372e+08	1.21736e+08	1.20809e+08	1.19502e+08	1.17717e+08	1.15348e+08	1.12298e+08	1.08487e+08	1.03863e+08	9.84097e+07	9.21527e+07	8.51595e+07	7.75431e+07	6.94691e+07	6.11803e+07	5.3073e+07	4.59496e+07	4.21015e+07	

t = 2.4
1.10752e+08	1.10617e+08	1.10208e+08	1.09513e+08	1.08507e+08	1.07155e+08	1.0541e+08	1.03222e+08	1.0054e+08	9.73167e+07	9.3517e+07	8.91196e+07	8.4123e+07	7.85486e+07	7.2444e+07	6.58877e+07	5.89983e+07	5.196e+07	4.50897e+07	3.90547e+07	3.57925e+07	
1.12868e+08	1.12765e+08	1.12451e+08	1.11913e+08	1.11116e+08	1.10009e+08	1.08528e+08	1.06599e+08	1.04147e+08	1.01101e+08	9.74051e+07	9.30245e+07	8.79521e+07	8.22122e+07	7.58634e+07	6.90011e+07	6.17653e+07	5.43639e+07	4.71414e+07	4.08045e+07	3.73838e+07	
1.18476e+08	1.18465e+08	1.1843e+08	1.18345e+08	1.18151e+08	1.17756e+08	1.1704e+08	1.15864e+08	1.1408e+08	1.11549e+08	1.08158e+08	1.03832e+08	9.85473e+07	9.23385e+07	8.52962e+07	7.7566e+07	6.93506e+07	6.09274e+07	5.27197e+07	4.55447e+07	4.16871e+07	
1.21953e+08	1.22004e+08	1.22156e+08	1.22376e+08	1.22587e+08	1.22669e+08	1.22467e+08	1.21795e+08	1.20459e+08	1.18274e+08	1.15088e+08	1.108e+08	1.05378e+08	9.88611e+07	9.13618e+07	8.30602e+07	7.42009e+07	6.51085e+07	5.6259e+07	4.85414e+07	4.44027e+07	
1.25379e+08	1.25493e+08	1.25836e+08	1.26366e+08	1.26989e+08	1.27557e+08	1.27876e+08	1.27716e+08	1.26834e+08	1.25e+08	1.22022e+08	1.17774e+08	1.12212e+08	1.05382e+08	9.74202e+07	8.85406e+07	7.90309e+07	6.92636e+07	5.97683e+07	5.15066e+07	4.70871e+07	
1.27417e+08	1.27569e+08	1.28024e+08	1.28738e+08	1.29605e+08	1.3046e+08	1.31086e+08	1.31228e+08	1.30614e+08	1.28985e+08	1.26128e+08	1.21901e+08	1.16254e+08	1.09238e+08	1.01e+08	9.1777e+07	8.18811e+07	7.17134e+07	6.18354e+07	5.32516e+07	4.8666e+07	
1.29119e+08	1.293e+08	1.29845e+08	1.30704e+08	1.31764e+08	1.32846e+08	1.33715e+08	1.34095e+08	1.3369e+08	1.32223e+08	1.29459e+08	1.25245e+08	1.19526e+08	1.12357e+08	1.03896e+08	9.43949e+07	8.41869e+07	7.36958e+07	6.35084e+07	5.46642e+07	4.99443e+07	
1.30386e+08	1.30587e+08	1.31189e+08	1.32141e+08	1.33324e+08	1.34551e+08	1.35575e+08	1.36106e+08	1.35834e+08	1.34465e+08	1.31756e+08	1.27545e+08	1.21773e+08	1.14497e+08	1.05883e+08	9.61922e+07	8.57722e+07	7.50612e+07	6.46631e+07	5.56409e+07	5.0829e+07	
1.31157e+08	1.31364e+08	1.31986e+08	1.3297e+08	1.34194e+08	1.35469e+08	1.36544e+08	1.37123e+08	1.36891e+08	1.3555e+08	1.32851e+08	1.2863e+08	1.22826e+08	1.15498e+08	1.06812e+08	9.70363e+07	8.65213e+07	7.57117e+07	6.52181e+07	5.61142e+07	5.12594e+07	
1.31411e+08	1.31611e+08	1.32213e+08	1.33163e+08	1.34343e+08	1.35565e+08	1.36581e+08	1.37101e+08	1.36813e+08	1.35424e+08	1.32688e+08	1.28443e+08	1.2263e+08	1.15306e+08	1.06636e+08	9.68839e+07	8.63969e+07	7.56157e+07	6.51475e+07	5.60626e+07	5.12164e+07	
1.31171e+08	1.31352e+08	1.31895e+08	1.32752e+08	1.33806e+08	1.34879e+08	1.35735e+08	1.36093e+08	1.35659e+08	1.3415e+08	1.31333e+08	1.27052e+08	1.21252e+08	1.13986e+08	1.05414e+08	9.57887e+07	8.54461e+07	7.48135e+07	6.44849e+07	5.55142e+07	5.07252e+07	
1.30502e+08	1.30654e+08	1.31108e+08	1.31819e+08	1.3268e+08	1.33525e+08	1.34134e+08	1.34247e+08	1.3359e+08	1.31903e+08	1.28967e+08	1.2464e+08	1.18871e+08	1.1171e+08	1.03305e+08	9.3894e+07	8.3794e+07	7.34117e+07	6.33191e+07	5.45433e+07	4.98525e+07	
1.29503e+08	1.29618e+08	1.29961e+08	1.30491e+08	1.31111e+08	1.31671e+08	1.31972e+08	1.3178e+08	1.30847e+08	1.28939e+08	1.2586e+08	1.21481e+08	1.15757e+08	1.08733e+08	1.00546e+08	9.14135e+07	8.16274e+07	7.1569e+07	6.17825e+07	5.32601e+07	4.86978e+07	
1.27652e+08	1.27705e+08	1.27865e+08	1.28095e+08	1.28315e+08	1.28403e+08	1.28193e+08	1.27494e+08	1.26105e+08	1.23833e+08	1.20519e+08	1.1606e+08	1.10417e+08	1.03631e+08	9.58157e+07	8.71558e+07	7.79036e+07	6.83962e+07	5.91311e+07	5.10412e+07	4.66987e+07	
1.25762e+08	1.25758e+08	1.25744e+08	1.25692e+08	1.25537e+08	1.25179e+08	1.24487e+08	1.23312e+08	1.21492e+08	1.18878e+08	1.15345e+08	1.10812e+08	1.05252e+08	9.86957e+07	9.12385e+07	8.30329e+07	7.42929e+07	6.53143e+07	5.655e+07	4.88768e+07	4.47467e+07	
1.23267e+08	1.23193e+08	1.22967e+08	1.22569e+08	1.21952e+08	1.21046e+08	1.19761e+08	1.17997e+08	1.15646e+08	1.12611e+08	1.0881e+08	1.0419e+08	9.87352e+07	9.24698e+07	8.54616e+07	7.78243e+07	6.97244e+07	6.14065e+07	5.32692e+07	4.6119e+07	4.22564e+07	
1.23077e+08	1.22997e+08	1.22756e+08	1.22333e+08	1.21682e+08	1.20736e+08	1.19408e+08	1.176e+08	1.15211e+08	1.12144e+08	1.08324e+08	1.03698e+08	9.8251e+07	9.20072e+07	8.50322e+07	7.74368e+07	6.93842e+07	6.11151e+07	5.30241e+07	4.59127e+07	4.207e+07	

t = 2.6
1.10746e+08	1.1061e+08	1.102e+08	1.09503e+08	1.08495e+08	1.07139e+08	1.05391e+08	1.03199e+08	1.00513e+08	9.72877e+07	9.34863e+07	8.90884e+07	8.40925e+07	7.852e+07	7.24181e+07	6.5865e+07	5.89793e+07	5.19444e+07	4.50773e+07	3.90448e+07	3.57837e+07	
1.12843e+08	1.12737e+08	1.12416e+08	1.11866e+08	1.11051e+08	1.09923e+08	1.08418e+08	1.06464e+08	1.0399e+08	1.00926e+08	9.72193e+07	9.28364e+07	8.77704e+07	8.20447e+07	7.57159e+07	6.88768e+07	6.1665e+07	5.42859e+07	4.70823e+07	4.07593e+07	3.7345e+07	
1.1838e+08	1.18359e+08	1.18293e+08	1.18155e+08	1.17888e+08	1.17403e+08	1.16585e+08	1.15306e+08	1.13427e+08	1.10822e+08	1.07385e+08	1.03049e+08	9.77913e+07	9.16424e+07	8.46847e+07	7.70534e+07	6.89398e+07	6.06114e+07	5.24836e+07	4.5367e+07	4.15357e+07	
1.218e+08	1.21834e+08	1.21935e+08	1.22068e+08	1.22159e+08	1.22095e+08	1.21728e+08	1.20888e+08	1.19399e+08	1.17094e+08	1.13834e+08	1.09531e+08	1.04151e+08	9.77299e+07	9.03669e+07	8.22253e+07	7.35316e+07	6.45941e+07	5.58755e+07	4.82536e+07	4.41579e+07	
1.25159e+08	1.25249e+08	1.25517e+08	1.25922e+08	1.26373e+08	1.2673e+08	1.26813e+08	1.26414e+08	1.25315e+08	1.23308e+08	1.20226e+08	1.15954e+08	1.10451e+08	1.03757e+08	9.59893e+07	8.7338e+07	7.80657e+07	6.85214e+07	5.92152e+07	5.10921e+07	4.67348e+07	
1.27156e+08	1.27278e+08	1.27644e+08	1.28209e+08	1.28869e+08	1.29473e+08	1.29819e+08	1.29677e+08	1.28804e+08	1.26971e+08	1.2399e+08	1.19734e+08	1.14158e+08	1.07302e+08	9.92937e+07	9.03414e+07	8.07278e+07	7.08261e+07	6.1174e+07	5.2756e+07	4.8245e+07	
1.28822e+08	1.2897e+08	1.29414e+08	1.30103e+08	1.30929e+08	1.31727e+08	1.32279e+08	1.32338e+08	1.31642e+08	1.29944e+08	1.2704e+08	1.22793e+08	1.17154e+08	1.10165e+08	1.01963e+08	9.2767e+07	8.28782e+07	7.26882e+07	6.27572e+07	5.41013e+07	4.94662e+07	
1.30066e+08	1.30231e+08	1.30724e+08	1.31493e+08	1.32425e+08	1.33345e+08	1.34028e+08	1.34214e+08	1.33628e+08	1.32012e+08	1.29153e+08	1.24906e+08	1.19219e+08	1.12137e+08	1.038e+08	9.44375e+07	8.43607e+07	7.39739e+07	6.38523e+07	5.50334e+07	5.0313e+07	
1.30829e+08	1.31e+08	1.31509e+08	1.32305e+08	1.33272e+08	1.34233e+08	1.34958e+08	1.35184e+08	1.34631e+08	1.33037e+08	1.30183e+08	1.25925e+08	1.20209e+08	1.13078e+08	1.04677e+08	9.52372e+07	8.50739e+07	7.45966e+07	6.43865e+07	5.54911e+07	5.07302e+07	
1.31091e+08	1.31256e+08	1.31747e+08	1.32515e+08	1.33444e+08	1.34359e+08	1.35035e+08	1.35209e+08	1.34608e+08	1.32971e+08	1.30084e+08	1.25804e+08	1.20076e+08	1.12945e+08	1.04553e+08	9.51292e+07	8.49855e+07	7.45285e+07	6.43368e+07	5.54552e+07	5.07004e+07	
1.30874e+08	1.31022e+08	1.31464e+08	1.32151e+08	1.32972e+08	1.3376e+08	1.34299e+08	1.34337e+08	1.33611e+08	1.31872e+08	1.28914e+08	1.24601e+08	1.18879e+08	1.11794e+08	1.0348e+08	9.41609e+07	8.41374e+07	7.38059e+07	6.37337e+07	5.49514e+07	5.02471e+07	
1.30241e+08	1.30363e+08	1.30728e+08	1.3129e+08	1.31945e+08	1.32538e+08	1.32866e+08	1.32696e+08	1.3178e+08	1.29889e+08	1.26829e+08	1.22474e+08	1.16775e+08	1.09774e+08	1.01598e+08	9.24585e+07	8.26408e+07	7.25244e+07	6.26578e+07	5.40478e+07	4.94316e+07	
1.29284e+08	1.29374e+08	1.29643e+08	1.30048e+08	1.30496e+08	1.30844e+08	1.3091e+08	1.30478e+08	1.29328e+08	1.27248e+08	1.24064e+08	1.19662e+08	1.13997e+08	1.07109e+08	9.91158e+07	9.02111e+07	8.06623e+07	7.08269e+07	6.12295e+07	5.28456e+07	4.83455e+07	
1.27498e+08	1.27535e+08	1.27643e+08	1.27787e+08	1.27888e+08	1.27828e+08	1.27454e+08	1.26588e+08	1.25045e+08	1.22653e+08	1.19266e+08	1.1479e+08	1.0919e+08	1.025e+08	9.48208e+07	8.63207e+07	7.72341e+07	6.78816e+07	5.87473e+07	5.07532e+07	4.64537e+07	
1.25666e+08	1.25651e+08	1.25606e+08	1.25501e+08	1.25273e+08	1.24824e+08	1.24031e+08	1.22751e+08	1.20836e+08	1.18147e+08	1.14569e+08	1.10026e+08	1.04493e+08	9.79967e+07	9.06244e+07	8.25178e+07	7.388e+07	6.49965e+07	5.63125e+07	4.86979e+07	4.45942e+07	
1.23233e+08	1.23155e+08	1.2292e+08	1.22506e+08	1.21866e+08	1.20931e+08	1.19615e+08	1.17818e+08	1.15438e+08	1.12379e+08	1.08563e+08	1.03941e+08	9.84944e+07	9.22476e+07	8.52657e+07	7.7659e+07	6.95907e+07	6.13023e+07	5.31901e+07	4.60584e+07	4.22043e+07	
1.23047e+08	1.22964e+08	1.22715e+08	1.22278e+08	1.21607e+08	1.20637e+08	1.19282e+08	1.17447e+08	1.15033e+08	1.11946e+08	1.08113e+08	1.03485e+08	9.8045e+07	9.1817e+07	8.48643e+07	7.72949e+07	6.92691e+07	6.10251e+07	5.29555e+07	4.586e+07	4.20245e+07	

t = 2.8
1.10735e+08	1.10599e+08	1.10187e+08	1.09486e+08	1.08474e+08	1.07112e+08	1.05358e+08	1.0316e+08	1.00469e+08	9.72386e+07	9.34345e+07	8.90358e+07	8.40412e+07	7.84718e+07	7.23747e+07	6.58273e+07	5.89476e+07	5.19187e+07	4.50568e+07	3.90284e+07	3.57693e+07	
1.12808e+08	1.12699e+08	1.1237e+08	1.11805e+08	1.10971e+08	1.09818e+08	1.08286e+08	1.06305e+08	1.03806e+08	1.00722e+08	9.70035e+07	9.26176e+07	8.7558e+07	8.18473e+07	7.55401e+07	6.87266e+07	6.15416e+07	5.41881e+07	4.70067e+07	4.07004e+07	3.72938e+07	
1.18262e+08	1.1823e+08	1.18132e+08	1.17941e+08	1.176e+08	1.17025e+08	1.16109e+08	1.14729e+08	1.12759e+08	1.10082e+08	1.06601e+08	1.02254e+08	9.702e+07	9.09257e+07	8.40469e+07	7.65097e+07	6.84951e+07	6.0261e+07	5.22149e+07	4.51595e+07	4.13563e+07	
1.21617e+08	1.21635e+08	1.21684e+08	1.21733e+08	1.21709e+08	1.21505e+08	1.20983e+08	1.19988e+08	1.18358e+08	1.15941e+08	1.12613e+08	1.08292e+08	1.02948e+08	9.66107e+07	8.937e+07	8.13746e+07	7.28353e+07	6.40456e+07	5.5455e+07	4.79292e+07	4.38779e+07	
1.24904e+08	1.24971e+08	1.25167e+08	1.25453e+08	1.25743e+08	1.25905e+08	1.25773e+08	1.25158e+08	1.23862e+08	1.21701e+08	1.18523e+08	1.14226e+08	1.08773e+08	1.02195e+08	9.45961e+07	8.61477e+07	7.70904e+07	6.77525e+07	5.86256e+07	5.06374e+07	4.63424e+07	
1.26856e+08	1.2695e+08	1.27232e+08	1.27656e+08	1.28127e+08	1.28501e+08	1.28595e+08	1.28199e+08	1.27096e+08	1.25082e+08	1.21989e+08	1.17705e+08	1.12185e+08	1.05464e+08	9.76543e+07	8.89397e+07	7.95786e+07	6.99194e+07	6.04785e+07	5.22197e+07	4.77821e+07	
1.28485e+08	1.28602e+08	1.2895e+08	1.29482e+08	1.30095e+08	1.30635e+08	1.30905e+08	1.3068e+08	1.29727e+08	1.27826e+08	1.24797e+08	1.20517e+08	1.14941e+08	1.08104e+08	1.00122e+08	9.11928e+07	8.15867e+07	7.16687e+07	6.19749e+07	5.34979e+07	4.89453e+07	
1.29705e+08	1.29836e+08	1.30226e+08	1.30827e+08	1.3153e+08	1.32175e+08	1.32556e+08	1.32438e+08	1.31577e+08	1.29744e+08	1.2675e+08	1.22469e+08	1.16849e+08	1.09928e+08	1.01828e+08	9.27501e+07	8.29758e+07	7.28804e+07	6.30129e+07	5.43858e+07	4.97539e+07	
1.30459e+08	1.30595e+08	1.31e+08	1.31623e+08	1.32356e+08	1.33035e+08	1.33452e+08	1.33367e+08	1.32532e+08	1.30716e+08	1.27726e+08	1.23432e+08	1.17784e+08	1.10819e+08	1.02659e+08	9.35104e+07	8.36565e+07	7.34772e+07	6.35272e+07	5.48281e+07	5.01578e+07	
1.3073e+08	1.3086e+08	1.3125e+08	1.31849e+08	1.32549e+08	1.33189e+08	1.33562e+08	1.33433e+08	1.32557e+08	1.30703e+08	1.27682e+08	1.23367e+08	1.17706e+08	1.10737e+08	1.02581e+08	9.34418e+07	8.36006e+07	7.3435e+07	6.34974e+07	5.48075e+07	5.01413e+07	
1.30537e+08	1.30654e+08	1.31e+08	1.3153e+08	1.32138e+08	1.32669e+08	1.32925e+08	1.32679e+08	1.31696e+08	1.29754e+08	1.26671e+08	1.22325e+08	1.16667e+08	1.09732e+08	1.0164e+08	9.25867e+07	8.28459e+07	7.27865e+07	6.29514e+07	5.4348e+07	4.97262e+07	
1.29941e+08	1.30035e+08	1.30315e+08	1.30737e+08	1.31203e+08	1.31566e+08	1.31642e+08	1.31218e+08	1.30073e+08	1.28e+08	1.24829e+08	1.20444e+08	1.14802e+08	1.07937e+08	9.99592e+07	9.1057e+07	8.14917e+07	7.16178e+07	6.19624e+07	5.35114e+07	4.89686e+07	
1.29029e+08	1.29095e+08	1.29292e+08	1.29579e+08	1.29865e+08	1.30019e+08	1.29869e+08	1.29222e+08	1.27875e+08	1.2564e+08	1.22362e+08	1.17935e+08	1.12319e+08	1.05547e+08	9.77226e+07	8.90208e+07	7.96871e+07	7.0058e+07	6.06399e+07	5.23909e+07	4.7953e+07	
1.27315e+08	1.27335e+08	1.27392e+08	1.27451e+08	1.27437e+08	1.27237e+08	1.26708e+08	1.25687e+08	1.24003e+08	1.21499e+08	1.18043e+08	1.1355e+08	1.07986e+08	1.01379e+08	9.38229e+07	8.54692e+07	7.6537e+07	6.73324e+07	5.83262e+07	5.04284e+07	4.61732e+07	
1.25546e+08	1.25521e+08	1.25444e+08	1.25285e+08	1.24982e+08	1.24443e+08	1.2355e+08	1.2217e+08	1.20163e+08	1.17402e+08	1.13779e+08	1.09225e+08	1.03715e+08	9.72739e+07	8.99811e+07	8.19692e+07	7.34311e+07	6.46427e+07	5.60409e+07	4.84881e+07	4.44128e+07	
1.23186e+08	1.23104e+08	1.22857e+08	1.22423e+08	1.21757e+08	1.2079e+08	1.19437e+08	1.17604e+08	1.1519e+08	1.12104e+08	1.08273e+08	1.03646e+08	9.8208e+07	9.19814e+07	8.50284e+07	7.74561e+07	6.94239e+07	6.117e+07	5.30875e+07	4.59784e+07	4.21347e+07	
1.23005e+08	1.22919e+08	1.22659e+08	1.22205e+08	1.21511e+08	1.20512e+08	1.19126e+08	1.17258e+08	1.14814e+08	1.11705e+08	1.07857e+08	1.03225e+08	9.77929e+07	9.15825e+07	8.46552e+07	7.71159e+07	6.91218e+07	6.0908e+07	5.28646e+07	4.57889e+07	4.19626e+07	

t = 3
1.1072e+08	1.10582e+08	1.10167e+08	1.09462e+08	1.08442e+08	1.07073e+08	1.0531e+08	1.03103e+08	1.00404e+08	9.71675e+07	9.33595e+07	8.89596e+07	8.39668e+07	7.84019e+07	7.23114e+07	6.5772e+07	5.8901e+07	5.18805e+07	4.50263e+07	3.90037e+07	3.57475e+07	
1.12763e+08	1.12651e+08	1.12312e+08	1.1173e+08	1.10874e+08	1.09695e+08	1.08133e+08	1.06123e+08	1.03597e+08	1.00492e+08	9.67605e+07	9.2371e+07	8.73177e+07	8.16223e+07	7.53376e+07	6.85514e+07	6.13955e+07	5.40702e+07	4.69138e+07	4.06267e+07	3.72292e+07	
1.18122e+08	1.18079e+08	1.17948e+08	1.17703e+08	1.17289e+08	1.16627e+08	1.15616e+08	1.1414e+08	1.12083e+08	1.09337e+08	1.05814e+08	1.01455e+08	9.62408e+07	9.01961e+07	8.33907e+07	7.59423e+07	6.80228e+07	5.98814e+07	5.19171e+07	4.49245e+07	4.11509e+07	
1.21406e+08	1.21407e+08	1.21407e+08	1.21374e+08	1.2124e+08	1.20903e+08	1.20238e+08	1.19098e+08	1.17338e+08	1.14817e+08	1.11425e+08	1.07086e+08	1.01772e+08	9.55088e+07	8.83781e+07	8.05162e+07	7.21205e+07	6.34706e+07	5.50039e+07	4.75734e+07	4.35669e+07	
1.24616e+08	1.2466e+08	1.24788e+08	1.24963e+08	1.25102e+08	1.25084e+08	1.24756e+08	1.23945e+08	1.22472e+08	1.20172e+08	1.16907e+08	1.12585e+08	1.07171e+08	1.00694e+08	9.32432e+07	8.49758e+07	7.61135e+07	6.69662e+07	5.80084e+07	5.01504e+07	4.59168e+07	
1.2652e+08	1.26588e+08	1.26791e+08	1.27085e+08	1.27381e+08	1.27546e+08	1.27412e+08	1.26789e+08	1.25481e+08	1.23305e+08	1.20111e+08	1.15797e+08	1.10323e+08	1.03718e+08	9.60805e+07	8.75758e+07	7.84409e+07	6.90033e+07	5.97591e+07	5.16518e+07	4.72857e+07	
1.2811e+08	1.28198e+08	1.28458e+08	1.28845e+08	1.29264e+08	1.29571e+08	1.29588e+08	1.2911e+08	1.27929e+08	1.25848e+08	1.22706e+08	1.18395e+08	1.12869e+08	1.0616e+08	9.83698e+07	8.96734e+07	8.03188e+07	7.06472e+07	6.11724e+07	5.28643e+07	4.83914e+07	
1.29305e+08	1.29405e+08	1.29701e+08	1.30148e+08	1.30643e+08	1.3104e+08	1.31151e+08	1.30764e+08	1.29661e+08	1.27636e+08	1.24523e+08	1.20206e+08	1.1464e+08	1.07856e+08	9.99588e+07	9.11293e+07	8.1623e+07	7.17901e+07	6.21561e+07	5.37092e+07	4.91624e+07	
1.30051e+08	1.30155e+08	1.30463e+08	1.30929e+08	1.3145e+08	1.31876e+08	1.32017e+08	1.31657e+08	1.30575e+08	1.28563e+08	1.2545e+08	1.21121e+08	1.15528e+08	1.08702e+08	1.0075e+08	9.18544e+07	8.22741e+07	7.2363e+07	6.26515e+07	5.41365e+07	4.95532e+07	
1.3033e+08	1.30429e+08	1.30725e+08	1.31169e+08	1.31662e+08	1.32054e+08	1.32158e+08	1.3176e+08	1.3064e+08	1.28595e+08	1.25454e+08	1.21104e+08	1.15497e+08	1.08665e+08	1.00712e+08	9.18211e+07	8.22478e+07	7.23448e+07	6.26406e+07	5.4131e+07	4.95499e+07	
1.30163e+08	1.3025e+08	1.30509e+08	1.30893e+08	1.31306e+08	1.31605e+08	1.31608e+08	1.31109e+08	1.29898e+08	1.27776e+08	1.24581e+08	1.20202e+08	1.14595e+08	1.07789e+08	9.98877e+07	9.10673e+07	8.1578e+07	7.1765e+07	6.21489e+07	5.37144e+07	4.91723e+07	
1.29605e+08	1.29673e+08	1.29874e+08	1.30166e+08	1.30457e+08	1.30611e+08	1.3046e+08	1.29808e+08	1.28458e+08	1.26223e+08	1.2295e+08	1.18537e+08	1.12941e+08	1.06191e+08	9.83853e+07	8.9693e+07	8.0354e+07	7.07016e+07	6.12428e+07	5.29435e+07	4.84722e+07	
1.2874e+08	1.28784e+08	1.28913e+08	1.29088e+08	1.29224e+08	1.29198e+08	1.28852e+08	1.28009e+08	1.26485e+08	1.24111e+08	1.20745e+08	1.16293e+08	1.10717e+08	1.04045e+08	9.63694e+07	8.78486e+07	7.87099e+07	6.92714e+07	6.00225e+07	5.19037e+07	4.75273e+07	
1.27103e+08	1.27106e+08	1.27114e+08	1.27091e+08	1.26966e+08	1.26634e+08	1.25961e+08	1.24795e+08	1.22981e+08	1.20373e+08	1.16853e+08	1.12341e+08	1.06807e+08	1.00275e+08	9.28288e+07	8.46088e+07	7.58204e+07	6.67559e+07	5.78739e+07	5.00715e+07	4.58614e+07	
1.25403e+08	1.25367e+08	1.25257e+08	1.25043e+08	1.24667e+08	1.2404e+08	1.2305e+08	1.21572e+08	1.19478e+08	1.16647e+08	1.12981e+08	1.08415e+08	1.02925e+08	9.65344e+07	8.93157e+07	8.13938e+07	7.29521e+07	6.42574e+07	5.57385e+07	4.82494e+07	4.42041e+07	
1.23124e+08	1.23038e+08	1.22777e+08	1.22321e+08	1.21624e+08	1.20621e+08	1.19229e+08	1.17355e+08	1.14905e+08	1.1179e+08	1.0794e+08	1.03309e+08	9.78794e+07	9.16737e+07	8.47516e+07	7.72164e+07	6.92239e+07	6.10085e+07	5.29602e+07	4.58773e+07	4.20461e+07	
1.22948e+08	1.22859e+08	1.22587e+08	1.22112e+08	1.21391e+08	1.2036e+08	1.18938e+08	1.17034e+08	1.14557e+08	1.11422e+08	1.07558e+08	1.02922e+08	9.74972e+07	9.13056e+07	8.44059e+07	7.69e+07	6.89415e+07	6.07623e+07	5.27496e+07	4.56975e+07	4.18824e+07	

t = 3.2
1.10697e+08	1.10558e+08	1.10139e+08	1.09427e+08	1.08399e+08	1.0702e+08	1.05245e+08	1.03027e+08	1.00318e+08	9.70735e+07	9.32603e+07	8.88589e+07	8.38682e+07	7.83089e+07	7.22267e+07	6.56975e+07	5.88376e+07	5.18282e+07	4.49839e+07	3.89693e+07	3.57169e+07	
1.12706e+08	1.1259e+08	1.12241e+08	1.11641e+08	1.10761e+08	1.09553e+08	1.07961e+08	1.0592e+08	1.03366e+08	1.00239e+08	9.64931e+07	9.20993e+07	8.70519e+07	8.13719e+07	7.51104e+07	6.83525e+07	6.12274e+07	5.39325e+07	4.68034e+07	4.05378e+07	3.71506e+07	
1.17959e+08	1.17906e+08	1.17742e+08	1.17444e+08	1.1696e+08	1.16213e+08	1.1511e+08	1.13543e+08	1.11404e+08	1.08593e+08	1.05028e+08	1.00656e+08	9.54594e+07	8.94598e+07	8.27222e+07	7.53573e+07	6.75288e+07	5.94774e+07	5.1594e+07	4.4665e+07	4.0922e+07	
1.21167e+08	1.21152e+08	1.21104e+08	1.20994e+08	1.20755e+08	1.20295e+08	1.19495e+08	1.18222e+08	1.1634e+08	1.13725e+08	1.10272e+08	1.05914e+08	1.00625e+08	9.4428e+07	8.73962e+07	7.96564e+07	7.13938e+07	6.2876e+07	5.45284e+07	4.71914e+07	4.32298e+07	
1.24296e+08	1.24319e+08	1.24384e+08	1.24454e+08	1.24454e+08	1.24271e+08	1.23764e+08	1.22775e+08	1.21142e+08	1.18715e+08	1.15369e+08	1.11023e+08	1.05642e+08	9.92507e+07	9.19317e+07	8.38265e+07	7.51415e+07	6.61702e+07	5.73714e+07	4.96384e+07	4.5465e+07	
1.26151e+08	1.26195e+08	1.26324e+08	1.26499e+08	1.26634e+08	1.26609e+08	1.26269e+08	1.25442e+08	1.2395e+08	1.21628e+08	1.18342e+08	1.13999e+08	1.08563e+08	1.02057e+08	9.45699e+07	8.62515e+07	7.73204e+07	6.80852e+07	5.90241e+07	5.10609e+07	4.67642e+07	
1.27703e+08	1.27763e+08	1.27942e+08	1.28197e+08	1.28438e+08	1.28535e+08	1.28324e+08	1.27621e+08	1.26237e+08	1.23995e+08	1.20751e+08	1.16407e+08	1.10923e+08	1.04324e+08	9.66995e+07	8.82086e+07	7.90789e+07	6.9631e+07	6.03585e+07	5.22098e+07	4.78137e+07	
1.28872e+08	1.28943e+08	1.29153e+08	1.29458e+08	1.29766e+08	1.2994e+08	1.29809e+08	1.29183e+08	1.27863e+08	1.25668e+08	1.22447e+08	1.18096e+08	1.12574e+08	1.05906e+08	9.81848e+07	8.95733e+07	8.03056e+07	7.07102e+07	6.12911e+07	5.30134e+07	4.85481e+07	
1.29609e+08	1.29683e+08	1.29904e+08	1.30226e+08	1.30555e+08	1.30753e+08	1.30648e+08	1.30044e+08	1.28742e+08	1.26556e+08	1.23333e+08	1.18968e+08	1.1342e+08	1.06712e+08	9.89399e+07	9.02668e+07	8.09299e+07	7.1261e+07	6.17687e+07	5.34263e+07	4.89262e+07	
1.29897e+08	1.29967e+08	1.30177e+08	1.3048e+08	1.30785e+08	1.30954e+08	1.30816e+08	1.30178e+08	1.28843e+08	1.26627e+08	1.23379e+08	1.18994e+08	1.13431e+08	1.06715e+08	9.89383e+07	9.02651e+07	8.09304e+07	7.12648e+07	6.17756e+07	5.34351e+07	4.89356e+07	
1.29755e+08	1.29815e+08	1.29993e+08	1.30244e+08	1.30481e+08	1.30569e+08	1.30344e+08	1.2962e+08	1.28205e+08	1.25923e+08	1.22626e+08	1.18215e+08	1.12649e+08	1.05952e+08	9.82174e+07	8.96025e+07	8.03381e+07	7.07488e+07	6.1335e+07	5.30598e+07	4.85946e+07	
1.29236e+08	1.2928e+08	1.29408e+08	1.29579e+08	1.2971e+08	1.29675e+08	1.29317e+08	1.28461e+08	1.26926e+08	1.24546e+08	1.21181e+08	1.16738e+08	1.1118e+08	1.04529e+08	9.68746e+07	8.83686e+07	7.92333e+07	6.97834e+07	6.05077e+07	5.23525e+07	4.79506e+07	
1.2842e+08	1.28443e+08	1.28509e+08	1.28579e+08	1.28576e+08	1.28385e+08	1.27859e+08	1.26838e+08	1.25154e+08	1.22653e+08	1.19207e+08	1.14729e+08	1.09187e+08	1.02601e+08	9.50571e+07	8.66986e+07	7.77372e+07	6.84748e+07	5.93849e+07	5.13913e+07	4.7075e+07	
1.26863e+08	1.2685e+08	1.2681e+08	1.26709e+08	1.2648e+08	1.26024e+08	1.25215e+08	1.23915e+08	1.2198e+08	1.19276e+08	1.15696e+08	1.11166e+08	1.05656e+08	9.91902e+07	9.1843e+07	8.37455e+07	7.50908e+07	6.61588e+07	5.73963e+07	4.96877e+07	4.55227e+07	
1.25237e+08	1.2519e+08	1.25046e+08	1.24779e+08	1.2433e+08	1.23617e+08	1.22534e+08	1.20963e+08	1.18785e+08	1.15887e+08	1.1218e+08	1.07601e+08	1.02128e+08	9.57835e+07	8.86339e+07	8.07971e+07	7.2448e+07	6.3845e+07	5.54087e+07	4.79843e+07	4.39702e+07	
1.23045e+08	1.22954e+08	1.22679e+08	1.22198e+08	1.21468e+08	1.20425e+08	1.1899e+08	1.17074e+08	1.14585e+08	1.1144e+08	1.07571e+08	1.02933e+08	9.75122e+07	9.13277e+07	8.44375e+07	7.69415e+07	6.89915e+07	6.08181e+07	5.28075e+07	4.57543e+07	4.19373e+07	
1.22875e+08	1.22781e+08	1.22496e+08	1.21999e+08	1.21248e+08	1.20181e+08	1.18719e+08	1.16777e+08	1.14265e+08	1.11101e+08	1.0722e+08	1.02578e+08	9.71611e+07	9.09889e+07	8.41184e+07	7.66483e+07	6.87287e+07	6.05879e+07	5.26096e+07	4.55846e+07	4.17826e+07	

t = 3.4
1.10665e+08	1.10525e+08	1.10101e+08	1.09382e+08	1.08343e+08	1.06951e+08	1.05163e+08	1.02932e+08	1.0021e+08	9.69562e+07	9.31369e+07	8.87335e+07	8.37451e+07	7.81921e+07	7.21197e+07	6.56027e+07	5.87562e+07	5.17603e+07	4.49285e+07	3.89238e+07	3.56764e+07	
1.12636e+08	1.12517e+08	1.12156e+08	1.11537e+08	1.10632e+08	1.09395e+08	1.0777e+08	1.05697e+08	1.03114e+08	9.99641e+07	9.62037e+07	9.18051e+07	8.67633e+07	8.10986e+07	7.48603e+07	6.81315e+07	6.10383e+07	5.37755e+07	4.66757e+07	4.04335e+07	3.70579e+07	
1.17774e+08	1.1771e+08	1.17515e+08	1.17166e+08	1.16613e+08	1.15786e+08	1.14594e+08	1.12941e+08	1.10724e+08	1.07851e+08	1.04247e+08	9.98619e+07	9.468e+07	8.87212e+07	8.20465e+07	7.47599e+07	6.70179e+07	5.90533e+07	5.12497e+07	4.43842e+07	4.06724e+07	
1.20902e+08	1.20872e+08	1.20779e+08	1.20595e+08	1.20259e+08	1.19682e+08	1.18757e+08	1.1736e+08	1.15367e+08	1.12664e+08	1.09155e+08	1.04778e+08	9.95097e+07	9.33706e+07	8.64282e+07	7.88001e+07	7.0661e+07	6.22675e+07	5.40339e+07	4.67882e+07	4.28714e+07	
1.23949e+08	1.23952e+08	1.23957e+08	1.23931e+08	1.23802e+08	1.23467e+08	1.22796e+08	1.21646e+08	1.19867e+08	1.17324e+08	1.13905e+08	1.09533e+08	1.0418e+08	9.78644e+07	9.0662e+07	8.27027e+07	7.41791e+07	6.53706e+07	5.67213e+07	4.9108e+07	4.49933e+07	
1.25754e+08	1.25775e+08	1.25837e+08	1.259e+08	1.2589e+08	1.25691e+08	1.25165e+08	1.24153e+08	1.22494e+08	1.20041e+08	1.16671e+08	1.123e+08	1.06894e+08	1.00475e+08	9.31202e+07	8.49679e+07	7.62209e+07	6.71713e+07	5.82808e+07	5.04543e+07	4.62246e+07	
1.27265e+08	1.27301e+08	1.27406e+08	1.27539e+08	1.27619e+08	1.27526e+08	1.2711e+08	1.26204e+08	1.24638e+08	1.22251e+08	1.18915e+08	1.14541e+08	1.0909e+08	1.02585e+08	9.51061e+07	8.67975e+07	7.78698e+07	6.86257e+07	5.95407e+07	5.15421e+07	4.72198e+07	
1.28409e+08	1.28454e+08	1.28585e+08	1.28762e+08	1.28899e+08	1.28872e+08	1.28524e+08	1.27684e+08	1.26172e+08	1.23824e+08	1.20505e+08	1.16121e+08	1.10635e+08	1.04066e+08	9.64988e+07	8.80799e+07	7.90258e+07	6.96459e+07	6.0425e+07	5.23063e+07	4.79191e+07	
1.29137e+08	1.29184e+08	1.29325e+08	1.29516e+08	1.29671e+08	1.29665e+08	1.29339e+08	1.28516e+08	1.27018e+08	1.24676e+08	1.21354e+08	1.16956e+08	1.11444e+08	1.04838e+08	9.72218e+07	8.8745e+07	7.96256e+07	7.01762e+07	6.0886e+07	5.27056e+07	4.8285e+07	
1.29434e+08	1.29478e+08	1.29609e+08	1.29784e+08	1.29918e+08	1.29886e+08	1.29531e+08	1.28679e+08	1.27152e+08	1.24783e+08	1.21437e+08	1.17019e+08	1.11492e+08	1.04875e+08	9.72522e+07	8.87716e+07	7.96506e+07	7.02004e+07	6.09095e+07	5.2728e+07	4.83065e+07	
1.29318e+08	1.29353e+08	1.29456e+08	1.29586e+08	1.29661e+08	1.2956e+08	1.2913e+08	1.28203e+08	1.26606e+08	1.24179e+08	1.2079e+08	1.16348e+08	1.10815e+08	1.04213e+08	9.66238e+07	8.81912e+07	7.91289e+07	6.97433e+07	6.0517e+07	5.23921e+07	4.80006e+07	
1.28838e+08	1.2886e+08	1.2892e+08	1.28981e+08	1.28965e+08	1.28756e+08	1.28212e+08	1.27171e+08	1.2547e+08	1.22958e+08	1.19509e+08	1.15039e+08	1.09511e+08	1.02946e+08	9.54242e+07	8.70844e+07	7.81332e+07	6.8869e+07	5.9764e+07	5.17455e+07	4.74107e+07	
1.28072e+08	1.28075e+08	1.28081e+08	1.28055e+08	1.27923e+08	1.2758e+08	1.2689e+08	1.25707e+08	1.23877e+08	1.2126e+08	1.1774e+08	1.13238e+08	1.07723e+08	1.01213e+08	9.37857e+07	8.55732e+07	7.67735e+07	6.7674e+07	5.87339e+07	5.08601e+07	4.66026e+07	
1.26596e+08	1.26569e+08	1.26482e+08	1.26307e+08	1.2598e+08	1.25407e+08	1.24473e+08	1.23048e+08	1.21e+08	1.18208e+08	1.14572e+08	1.10022e+08	1.04534e+08	9.81263e+07	9.08689e+07	8.28838e+07	7.43533e+07	6.55463e+07	5.68986e+07	4.92818e+07	4.51618e+07	
1.25046e+08	1.24989e+08	1.24813e+08	1.24493e+08	1.23974e+08	1.23178e+08	1.22005e+08	1.20345e+08	1.18087e+08	1.15126e+08	1.11378e+08	1.06786e+08	1.01328e+08	9.50254e+07	8.79402e+07	8.01837e+07	7.19233e+07	6.34094e+07	5.50548e+07	4.76958e+07	4.37136e+07	
1.22948e+08	1.22852e+08	1.2256e+08	1.22053e+08	1.21288e+08	1.20204e+08	1.18724e+08	1.16763e+08	1.14234e+08	1.11057e+08	1.07168e+08	1.02523e+08	9.71101e+07	9.09469e+07	8.40892e+07	7.66336e+07	6.87282e+07	6.05993e+07	5.26296e+07	4.56091e+07	4.18081e+07	
1.22785e+08	1.22686e+08	1.22386e+08	1.21865e+08	1.21082e+08	1.19976e+08	1.18473e+08	1.16489e+08	1.13939e+08	1.10746e+08	1.06846e+08	1.02198e+08	9.67882e+07	9.06357e+07	8.37954e+07	7.63628e+07	6.84844e+07	6.03849e+07	5.24446e+07	4.54498e+07	4.16627e+07	

t = 3.6
1.10624e+08	1.10482e+08	1.10052e+08	1.09324e+08	1.08273e+08	1.06867e+08	1.05063e+08	1.02816e+08	1.00081e+08	9.68159e+07	9.29895e+07	8.85836e+07	8.35977e+07	7.80518e+07	7.19904e+07	6.54874e+07	5.86563e+07	5.16762e+07	4.4859e+07	3.88663e+07	3.56248e+07	
1.12553e+08	1.1243e+08	1.12056e+08	1.11419e+08	1.10487e+08	1.09219e+08	1.07562e+08	1.05456e+08	1.02843e+08	9.96702e+07	9.58946e+07	9.14909e+07	8.64543e+07	8.08045e+07	7.45895e+07	6.789e+07	6.08296e+07	5.36001e+07	4.65313e+07	4.03143e+07	3.69512e+07	
1.17568e+08	1.17494e+08	1.17269e+08	1.1687e+08	1.16252e+08	1.15347e+08	1.14073e+08	1.12337e+08	1.10046e+08	1.07115e+08	1.03473e+08	9.90748e+07	9.39056e+07	8.79841e+07	8.13674e+07	7.41543e+07	6.64943e+07	5.86134e+07	5.08876e+07	4.40855e+07	4.04052e+07	
1.20613e+08	1.20569e+08	1.20434e+08	1.2018e+08	1.19752e+08	1.19068e+08	1.18026e+08	1.16514e+08	1.14419e+08	1.11633e+08	1.08071e+08	1.03676e+08	9.84253e+07	9.2338e+07	8.54766e+07	7.79509e+07	6.99266e+07	6.16501e+07	5.35256e+07	4.63685e+07	4.24959e+07	
1.23575e+08	1.2356e+08	1.2351e+08	1.23395e+08	1.23148e+08	1.22673e+08	1.21853e+08	1.20554e+08	1.18643e+08	1.15995e+08	1.12508e+08	1.08112e+08	1.02781e+08	9.65321e+07	8.94336e+07	8.16061e+07	7.32302e+07	6.45724e+07	5.60637e+07	4.8565e+07	4.45073e+07	
1.2533e+08	1.25331e+08	1.2533e+08	1.25293e+08	1.25148e+08	1.24792e+08	1.24096e+08	1.22917e+08	1.21108e+08	1.18536e+08	1.15088e+08	1.1069e+08	1.0531e+08	9.89655e+07	9.17285e+07	8.37252e+07	7.51451e+07	6.62661e+07	5.75349e+07	4.98381e+07	4.56732e+07	
1.26802e+08	1.26815e+08	1.26851e+08	1.26874e+08	1.26808e+08	1.26543e+08	1.25942e+08	1.24854e+08	1.23123e+08	1.20607e+08	1.17186e+08	1.12782e+08	1.07359e+08	1.00935e+08	9.35848e+07	8.54388e+07	7.66934e+07	6.76357e+07	5.87246e+07	5.08679e+07	4.66163e+07	
1.2792e+08	1.27941e+08	1.28e+08	1.2806e+08	1.28043e+08	1.27834e+08	1.27292e+08	1.26259e+08	1.24574e+08	1.22089e+08	1.18682e+08	1.14267e+08	1.08809e+08	1.02326e+08	9.48942e+07	8.66466e+07	7.77846e+07	6.86012e+07	5.95637e+07	5.15946e+07	4.72821e+07	
1.28639e+08	1.28662e+08	1.28729e+08	1.28802e+08	1.288e+08	1.28609e+08	1.28084e+08	1.27066e+08	1.25392e+08	1.22911e+08	1.19498e+08	1.15069e+08	1.09585e+08	1.03067e+08	9.55884e+07	8.72859e+07	7.83621e+07	6.91127e+07	6.00091e+07	5.1981e+07	4.76364e+07	
1.28945e+08	1.28965e+08	1.29024e+08	1.29082e+08	1.29062e+08	1.28848e+08	1.28298e+08	1.27254e+08	1.25554e+08	1.23048e+08	1.19613e+08	1.15165e+08	1.09666e+08	1.03135e+08	9.56474e+07	8.73382e+07	7.84093e+07	6.91556e+07	6.00481e+07	5.20163e+07	4.76694e+07	
1.28854e+08	1.28867e+08	1.28901e+08	1.28921e+08	1.2885e+08	1.28576e+08	1.27961e+08	1.26852e+08	1.25091e+08	1.22534e+08	1.1906e+08	1.14589e+08	1.09084e+08	1.02563e+08	9.51021e+07	8.68321e+07	7.79521e+07	6.8753e+07	5.97007e+07	5.17176e+07	4.73968e+07	
1.28414e+08	1.28415e+08	1.28412e+08	1.28372e+08	1.28222e+08	1.27856e+08	1.27142e+08	1.25934e+08	1.24083e+08	1.21452e+08	1.17926e+08	1.13428e+08	1.07925e+08	1.01436e+08	9.40313e+07	8.58406e+07	7.70565e+07	6.79631e+07	5.90174e+07	5.11288e+07	4.68587e+07	
1.27698e+08	1.27682e+08	1.27633e+08	1.27517e+08	1.27267e+08	1.26784e+08	1.25945e+08	1.24613e+08	1.22651e+08	1.19928e+08	1.1634e+08	1.11814e+08	1.06321e+08	9.98779e+07	9.25546e+07	8.44742e+07	7.58224e+07	6.6874e+07	5.80747e+07	5.03158e+07	4.61155e+07	
1.26304e+08	1.26262e+08	1.26133e+08	1.25888e+08	1.25468e+08	1.24786e+08	1.23735e+08	1.22195e+08	1.20043e+08	1.17169e+08	1.13478e+08	1.0891e+08	1.0344e+08	9.70844e+07	8.99088e+07	8.2027e+07	7.36122e+07	6.49232e+07	5.63855e+07	4.88582e+07	4.47828e+07	
1.24833e+08	1.24765e+08	1.24557e+08	1.24186e+08	1.236e+08	1.22724e+08	1.21465e+08	1.19721e+08	1.17386e+08	1.14365e+08	1.10578e+08	1.05972e+08	1.00528e+08	9.42634e+07	8.72382e+07	7.95575e+07	7.13819e+07	6.29545e+07	5.46803e+07	4.73867e+07	4.34371e+07	
1.22831e+08	1.22729e+08	1.22421e+08	1.21887e+08	1.21086e+08	1.19958e+08	1.18432e+08	1.16425e+08	1.13855e+08	1.10645e+08	1.06734e+08	1.02083e+08	9.6677e+07	9.05348e+07	8.37097e+07	7.62953e+07	6.84358e+07	6.03537e+07	5.24274e+07	4.54421e+07	4.16587e+07	
1.22675e+08	1.22571e+08	1.22255e+08	1.21709e+08	1.20891e+08	1.19745e+08	1.18199e+08	1.16172e+08	1.13584e+08	1.1036e+08	1.0644e+08	1.01785e+08	9.63822e+07	9.02495e+07	8.34398e+07	7.60458e+07	6.82104e+07	6.01547e+07	5.2255e+07	4.52933e+07	4.15226e+07	

t = 3.8
1.10572e+08	1.10428e+08	1.09992e+08	1.09253e+08	1.08189e+08	1.06766e+08	1.04945e+08	1.02682e+08	9.99308e+07	9.66534e+07	9.2819e+07	8.84103e+07	8.34268e+07	7.78886e+07	7.18392e+07	6.53515e+07	5.85377e+07	5.15754e+07	4.4775e+07	3.87962e+07	3.55618e+07	
1.12456e+08	1.12328e+08	1.11942e+08	1.11285e+08	1.10327e+08	1.09028e+08	1.07337e+08	1.05198e+08	1.02556e+08	9.93589e+07	9.55681e+07	9.11588e+07	8.61269e+07	8.04917e+07	7.42998e+07	6.76298e+07	6.06026e+07	5.34074e+07	4.63709e+07	4.01806e+07	3.6831e+07	
1.17342e+08	1.17258e+08	1.17004e+08	1.16558e+08	1.15877e+08	1.14899e+08	1.13546e+08	1.11733e+08	1.09373e+08	1.06386e+08	1.02708e+08	9.82969e+07	9.31386e+07	8.72511e+07	8.06882e+07	7.35439e+07	6.59618e+07	5.81613e+07	5.05113e+07	4.37718e+07	4.01232e+07	
1.20302e+08	1.20245e+08	1.20069e+08	1.19751e+08	1.19237e+08	1.18452e+08	1.17303e+08	1.15685e+08	1.13494e+08	1.10632e+08	1.07021e+08	1.02608e+08	9.7372e+07	9.1331e+07	8.45432e+07	7.71119e+07	6.91942e+07	6.1028e+07	5.30075e+07	4.59366e+07	4.21076e+07	
1.23179e+08	1.23147e+08	1.23046e+08	1.22848e+08	1.22492e+08	1.2189e+08	1.20933e+08	1.195e+08	1.17467e+08	1.14722e+08	1.11172e+08	1.06754e+08	1.01441e+08	9.52511e+07	8.8246e+07	8.0538e+07	7.22975e+07	6.37797e+07	5.54034e+07	4.80143e+07	4.4012e+07	
1.24884e+08	1.24866e+08	1.24807e+08	1.24677e+08	1.2441e+08	1.2391e+08	1.23061e+08	1.2173e+08	1.19785e+08	1.17105e+08	1.13587e+08	1.09162e+08	1.03803e+08	9.75243e+07	9.0392e+07	8.25229e+07	7.40951e+07	6.53735e+07	5.67911e+07	4.92176e+07	4.51151e+07	
1.26316e+08	1.26309e+08	1.26282e+08	1.26204e+08	1.26005e+08	1.25584e+08	1.24816e+08	1.23563e+08	1.21684e+08	1.1905e+08	1.15553e+08	1.1112e+08	1.0572e+08	9.93677e+07	9.2131e+07	8.41307e+07	7.55508e+07	6.66641e+07	5.79149e+07	5.01923e+07	4.60086e+07	
1.27408e+08	1.27408e+08	1.27402e+08	1.27356e+08	1.27199e+08	1.26825e+08	1.26108e+08	1.24901e+08	1.23061e+08	1.20453e+08	1.16964e+08	1.12519e+08	1.07085e+08	1.00678e+08	9.33651e+07	8.52708e+07	7.65826e+07	6.7579e+07	5.87118e+07	5.08836e+07	4.66425e+07	
1.28119e+08	1.2812e+08	1.2812e+08	1.28085e+08	1.27941e+08	1.27583e+08	1.26879e+08	1.25685e+08	1.23853e+08	1.21246e+08	1.17752e+08	1.13292e+08	1.07833e+08	1.0139e+08	9.40333e+07	8.58866e+07	7.71396e+07	6.8073e+07	5.91425e+07	5.12578e+07	4.69858e+07	
1.28433e+08	1.28432e+08	1.28425e+08	1.28377e+08	1.28217e+08	1.27839e+08	1.27114e+08	1.25896e+08	1.24041e+08	1.21411e+08	1.17896e+08	1.13417e+08	1.07942e+08	1.01486e+08	9.41181e+07	8.59621e+07	7.72071e+07	6.81332e+07	5.9196e+07	5.13051e+07	4.70297e+07	
1.28368e+08	1.2836e+08	1.28332e+08	1.28251e+08	1.28047e+08	1.27616e+08	1.26834e+08	1.2556e+08	1.23652e+08	1.20977e+08	1.17426e+08	1.12926e+08	1.07444e+08	1.00995e+08	9.36475e+07	8.55234e+07	7.68088e+07	6.77809e+07	5.88905e+07	5.10416e+07	4.67888e+07	
1.27967e+08	1.27949e+08	1.27889e+08	1.27756e+08	1.27483e+08	1.26973e+08	1.26105e+08	1.24745e+08	1.22758e+08	1.20018e+08	1.16422e+08	1.11898e+08	1.06416e+08	9.99924e+07	9.2693e+07	8.46367e+07	7.6005e+07	6.70691e+07	5.82725e+07	5.05073e+07	4.62998e+07	
1.273e+08	1.27268e+08	1.27167e+08	1.26969e+08	1.2661e+08	1.25998e+08	1.25022e+08	1.23555e+08	1.21471e+08	1.18652e+08	1.15e+08	1.10451e+08	1.04977e+08	9.85926e+07	9.13629e+07	8.34024e+07	7.48865e+07	6.60786e+07	5.74121e+07	4.9763e+07	4.56184e+07	
1.25989e+08	1.25934e+08	1.25764e+08	1.25454e+08	1.24947e+08	1.24163e+08	1.23003e+08	1.21355e+08	1.19107e+08	1.16156e+08	1.12416e+08	1.07829e+08	1.02374e+08	9.60652e+07	8.89641e+07	8.11777e+07	7.28708e+07	6.42934e+07	5.5861e+07	4.84209e+07	4.43896e+07	
1.24596e+08	1.24518e+08	1.24281e+08	1.23861e+08	1.2321e+08	1.22257e+08	1.20917e+08	1.19092e+08	1.16685e+08	1.13606e+08	1.09781e+08	1.05162e+08	9.97291e+07	9.35e+07	8.65309e+07	7.89219e+07	7.08273e+07	6.24835e+07	5.42883e+07	4.70599e+07	4.31433e+07	
1.22694e+08	1.22587e+08	1.22261e+08	1.21698e+08	1.2086e+08	1.19689e+08	1.18116e+08	1.16062e+08	1.1345e+08	1.10207e+08	1.06275e+08	1.01616e+08	9.62164e+07	9.00948e+07	8.33023e+07	7.59293e+07	6.81166e+07	6.00827e+07	5.22019e+07	4.52542e+07	4.14898e+07	
1.22546e+08	1.22436e+08	1.22104e+08	1.21531e+08	1.20678e+08	1.19491e+08	1.179e+08	1.15829e+08	1.13201e+08	1.09946e+08	1.06006e+08	1.01343e+08	9.59468e+07	8.98336e+07	8.30546e+07	7.56998e+07	6.79088e+07	5.98987e+07	5.2042e+07	4.51157e+07	4.1363e+07	

